,codigoSerial,pm25,calidad_pm25,pm10,calidad_pm10,pm1,calidad_pm1,no,calidad_no,no2,calidad_no2,nox,calidad_nox,ozono,calidad_ozono,co,calidad_co,so2,calidad_so2,pst,calidad_pst,dviento_ssr,calidad_dviento_ssr,haire10_ssr,calidad_haire10_ssr,p_ssr,calidad_p_ssr,pliquida_ssr,calidad_pliquida_ssr,rglobal_ssr,calidad_rglobal_ssr,taire10_ssr,calidad_taire10_ssr,vviento_ssr,calidad_vviento_ssr
2019-01-01 00:00:00,28,150.0,2.1,-9999.0,1.0,-9999.0,1.0,39.1943,2.2,34.3266,2.1,73.5208,1.0,-9999.0,1.0,-9999.0,1.0,-9999.0,1.0,-9999.0,1.0,182.248,1.0,56.9499,1.0,634.559,1.0,-9999.0,1.0,0.0,1.0,19.5628,1.0,0.373759,1.0
2019-01-01 01:00:00,28,171.0,2.5,-9999.0,1.0,-9999.0,1.0,30.5694,1.0,30.8567,2.1,61.426,1.0,-9999.0,1.0,-9999.0,1.0,-9999.0,1.0,-9999.0,1.0,170.824,1.0,59.6667,1.0,634.183,1.0,-9999.0,1.0,0.0,1.0,19.0364,1.0,0.380545,1.0
2019-01-01 02:00:00,28,198.0,2.5,-9999.0,1.0,-9999.0,1.0,38.1382,1.0,29.3736,2.1,67.5118,1.0,-9999.0,1.0,-9999.0,1.0,-9999.0,1.0,-9999.0,1.0,180.863,1.0,63.7678,1.0,633.785,1.0,-9999.0,1.0,0.0,1.0,18.2107,1.0,0.209423,1.0
2019-01-01 03:00:00,28,160.0,2.5,-9999.0,1.0,-9999.0,1.0,44.3017,1.0,26.4299,2.1,70.7317,2.1,-9999.0,1.0,-9999.0,1.0,-9999.0,1.0,-9999.0,1.0,194.199,1.0,66.2271,1.0,633.444,1.0,-9999.0,1.0,0.0,1.0,17.5893,1.0,0.344507,1.0
2019-01-01 04:00:00,28,155.0,2.5,-9999.0,1.0,-9999.0,1.0,37.5436,1.0,23.8525,2.1,61.3961,1.0,-9999.0,1.0,-9999.0,1.0,-9999.0,1.0,-9999.0,1.0,223.2,1.0,70.3917,1.0,633.41,1.0,-9999.0,1.0,0.0,1.0,16.7994,1.0,0.270756,1.0
2019-01-01 05:00:00,28,115.0,2.5,-9999.0,1.0,-9999.0,1.0,30.9006,1.0,21.8243,1.0,52.7249,1.0,-9999.0,1.0,-9999.0,1.0,-9999.0,1.0,-9999.0,1.0,218.781,1.0,72.6129,1.0,633.827,1.0,-9999.0,1.0,0.0,1.0,16.3224,1.0,0.330051,1.0
2019-01-01 06:00:00,28,94.0,2.5,-9999.0,1.0,-9999.0,1.0,22.9124,1.0,19.8429,1.0,42.7552,1.0,-9999.0,1.0,-9999.0,1.0,-9999.0,1.0,-9999.0,1.0,230.601,1.0,73.8829,1.0,634.198,1.0,-9999.0,1.0,0.0,1.0,15.851,1.0,0.286483,1.0
2019-01-01 07:00:00,28,87.0,2.5,-9999.0,1.0,-9999.0,1.0,29.7861,1.0,18.6055,1.0,48.3915,1.0,-9999.0,1.0,-9999.0,1.0,-9999.0,1.0,-9999.0,1.0,228.795,1.0,74.1154,1.0,634.644,1.0,-9999.0,1.0,9.79722,1.0,15.6606,1.0,0.216036,1.0
2019-01-01 08:00:00,28,54.0,2.5,-9999.0,1.0,-9999.0,1.0,21.504,1.0,21.9031,1.0,43.4071,1.0,-9999.0,1.0,-9999.0,1.0,-9999.0,1.0,-9999.0,1.0,140.701,1.0,59.8654,1.0,634.88,1.0,-9999.0,1.0,134.503,1.0,19.6233,1.0,0.27781,1.0
2019-01-01 09:00:00,28,32.0,1.0,-9999.0,1.0,-9999.0,1.0,4.5493,2.1,15.2483,1.0,19.7975,1.0,-9999.0,1.0,-9999.0,1.0,-9999.0,1.0,-9999.0,1.0,107.448,1.0,48.5833,1.0,634.836,1.0,-9999.0,1.0,289.017,1.0,22.2135,1.0,0.23756,1.0
2019-01-01 10:00:00,28,24.0,1.0,-9999.0,1.0,-9999.0,1.0,1.3724,2.1,12.6707,1.0,14.043,1.0,-9999.0,1.0,-9999.0,1.0,-9999.0,1.0,-9999.0,1.0,66.3287,1.0,39.1536,1.0,634.396,1.0,-9999.0,1.0,435.35,1.0,24.5446,1.0,0.420729,1.0
2019-01-01 11:00:00,28,29.0,1.0,-9999.0,1.0,-9999.0,1.0,0.2286,2.1,12.4485,1.0,12.677,1.0,-9999.0,1.0,-9999.0,1.0,-9999.0,1.0,-9999.0,1.0,18.8356,1.0,33.2678,1.0,633.828,1.0,-9999.0,1.0,554.722,1.0,26.1429,1.0,1.38936,1.0
2019-01-01 12:00:00,28,18.0,1.0,-9999.0,1.0,-9999.0,1.0,-0.5839,3.0,8.0712,2.6,7.4874,2.6,-9999.0,1.0,-9999.0,1.0,-9999.0,1.0,-9999.0,1.0,322.98,1.0,25.6024,1.0,632.797,1.0,-9999.0,1.0,621.219,1.0,28.661,1.0,1.38347,1.0
2019-01-01 13:00:00,28,9.0,1.0,-9999.0,1.0,-9999.0,1.0,-0.0973,3.0,5.1901,2.6,5.0928,2.6,-9999.0,1.0,-9999.0,1.0,-9999.0,1.0,-9999.0,1.0,83.7073,1.0,18.6254,1.0,632.029,1.0,-9999.0,1.0,632.908,1.0,31.3475,1.0,1.01558,1.0
2019-01-01 14:00:00,28,6.0,1.0,-9999.0,1.0,-9999.0,1.0,0.9754,1.0,4.5324,1.0,5.5078,1.0,-9999.0,1.0,-9999.0,1.0,-9999.0,1.0,-9999.0,1.0,83.2809,1.0,17.5493,1.0,631.369,1.0,-9999.0,1.0,591.3,1.0,31.4086,1.0,2.13662,1.0
2019-01-01 15:00:00,28,8.0,1.0,-9999.0,1.0,-9999.0,1.0,0.1721,2.1,3.8296,1.0,4.0017,1.0,-9999.0,1.0,-9999.0,1.0,-9999.0,1.0,-9999.0,1.0,85.1218,1.0,18.9167,1.0,631.084,1.0,-9999.0,1.0,432.3,1.0,31.2949,1.0,2.18,1.0
2019-01-01 16:00:00,28,12.0,1.0,-9999.0,1.0,-9999.0,1.0,0.2662,2.1,4.2007,1.0,4.4669,1.0,-9999.0,1.0,-9999.0,1.0,-9999.0,1.0,-9999.0,1.0,126.013,1.0,19.8536,1.0,631.028,1.0,-9999.0,1.0,219.411,1.0,30.8544,1.0,2.00499,1.0
2019-01-01 17:00:00,28,9.0,1.0,-9999.0,1.0,-9999.0,1.0,-0.0471,3.0,5.0273,2.6,4.9802,2.6,-9999.0,1.0,-9999.0,1.0,-9999.0,1.0,-9999.0,1.0,123.847,1.0,21.1928,1.0,631.116,1.0,-9999.0,1.0,78.225,1.0,30.0,1.0,1.10534,1.0
2019-01-01 18:00:00,28,15.0,1.0,-9999.0,1.0,-9999.0,1.0,0.4722,2.1,9.6737,1.0,10.1459,1.0,-9999.0,1.0,-9999.0,1.0,-9999.0,1.0,-9999.0,1.0,9.0133,1.0,23.9965,1.0,631.513,1.0,-9999.0,1.0,17.9555,1.0,28.9911,1.0,0.390408,1.0
2019-01-01 19:00:00,28,9.0,1.0,-9999.0,1.0,-9999.0,1.0,0.2587,2.1,12.3619,1.0,12.6206,1.0,-9999.0,1.0,-9999.0,1.0,-9999.0,1.0,-9999.0,1.0,321.82,1.0,35.5578,1.0,632.16,1.0,-9999.0,1.0,0.0,1.0,26.3363,1.0,1.71655,1.0
2019-01-01 20:00:00,28,16.0,1.0,-9999.0,1.0,-9999.0,1.0,1.0368,1.0,15.888,1.0,16.9248,1.0,-9999.0,1.0,-9999.0,1.0,-9999.0,1.0,-9999.0,1.0,322.777,1.0,49.1094,1.0,633.056,1.0,-9999.0,1.0,0.0,1.0,24.2696,1.0,2.56041,1.0
2019-01-01 21:00:00,28,18.0,1.0,-9999.0,1.0,-9999.0,1.0,0.2819,2.1,13.0373,1.0,13.3191,1.0,-9999.0,1.0,-9999.0,1.0,-9999.0,1.0,-9999.0,1.0,335.79,1.0,53.289,1.0,633.843,1.0,-9999.0,1.0,0.0,1.0,23.1715,1.0,1.79885,1.0
2019-01-01 22:00:00,28,26.0,1.0,-9999.0,1.0,-9999.0,1.0,0.3845,2.1,12.0262,1.0,12.4107,1.0,-9999.0,1.0,-9999.0,1.0,-9999.0,1.0,-9999.0,1.0,313.251,1.0,62.9669,1.0,634.246,1.0,-9999.0,1.0,0.0,1.0,21.7285,1.0,3.46976,1.0
2019-01-01 23:00:00,28,20.0,1.0,-9999.0,1.0,-9999.0,1.0,-0.2362,3.0,9.6453,2.6,9.4091,2.6,-9999.0,1.0,-9999.0,1.0,-9999.0,1.0,-9999.0,1.0,320.433,1.0,65.0833,1.0,634.5,1.0,-9999.0,1.0,0.0,1.0,21.1899,1.0,2.13276,1.0
2019-01-02 00:00:00,28,16.0,1.0,-9999.0,1.0,-9999.0,1.0,-0.6151,3.0,8.781,2.6,8.1659,2.6,-9999.0,1.0,-9999.0,1.0,-9999.0,1.0,-9999.0,1.0,333.71,1.0,67.221,1.0,634.441,1.0,-9999.0,1.0,0.0,1.0,20.6692,1.0,1.52894,1.0
2019-01-02 01:00:00,28,19.0,1.0,-9999.0,1.0,-9999.0,1.0,-0.7104,3.0,9.6782,2.6,8.9678,2.6,-9999.0,1.0,-9999.0,1.0,-9999.0,1.0,-9999.0,1.0,349.777,1.0,69.3958,1.0,633.984,1.0,-9999.0,1.0,0.0,1.0,20.0537,1.0,0.990731,1.0
2019-01-02 02:00:00,28,17.0,1.0,-9999.0,1.0,-9999.0,1.0,-0.6858,3.0,10.9155,2.6,10.2298,2.6,-9999.0,1.0,-9999.0,1.0,-9999.0,1.0,-9999.0,1.0,118.972,1.0,68.1319,1.0,633.619,1.0,-9999.0,1.0,0.0,1.0,19.3121,1.0,0.393917,1.0
2019-01-02 03:00:00,28,19.0,1.0,-9999.0,1.0,-9999.0,1.0,-0.3864,3.0,11.555,2.6,11.1686,2.6,-9999.0,1.0,-9999.0,1.0,-9999.0,1.0,-9999.0,1.0,194.986,1.0,72.0287,1.0,633.371,1.0,-9999.0,1.0,0.0,1.0,18.1814,1.0,0.144087,1.0
2019-01-02 04:00:00,28,21.0,1.0,-9999.0,1.0,-9999.0,1.0,0.7086,1.0,12.1276,1.0,12.8362,1.0,-9999.0,1.0,-9999.0,1.0,-9999.0,1.0,-9999.0,1.0,190.156,1.0,74.2933,1.0,633.375,1.0,-9999.0,1.0,0.0,1.0,17.5128,1.0,0.21218,1.0
2019-01-02 05:00:00,28,18.0,1.0,-9999.0,1.0,-9999.0,1.0,3.5125,1.0,13.6553,1.0,17.1678,1.0,-9999.0,1.0,-9999.0,1.0,-9999.0,1.0,-9999.0,1.0,210.392,1.0,74.264,1.0,633.677,1.0,-9999.0,1.0,0.0,1.0,16.9524,1.0,0.143339,1.0
2019-01-02 06:00:00,28,21.0,1.0,-9999.0,1.0,-9999.0,1.0,16.0689,1.0,14.3812,1.0,30.4501,1.0,-9999.0,1.0,-9999.0,1.0,-9999.0,1.0,-9999.0,1.0,221.171,1.0,75.2643,1.0,633.951,1.0,-9999.0,1.0,0.0,1.0,16.4522,1.0,0.259786,1.0
2019-01-02 07:00:00,28,33.0,1.0,-9999.0,1.0,-9999.0,1.0,39.2312,2.2,15.7208,1.0,54.952,1.0,-9999.0,1.0,-9999.0,1.0,-9999.0,1.0,-9999.0,1.0,223.003,1.0,75.7422,1.0,634.562,1.0,-9999.0,1.0,9.33056,1.0,16.2121,1.0,0.182103,1.0
2019-01-02 08:00:00,28,43.0,2.2,-9999.0,1.0,-9999.0,1.0,62.7497,2.2,24.013,1.0,86.7626,2.2,-9999.0,1.0,-9999.0,1.0,-9999.0,1.0,-9999.0,1.0,123.366,1.0,61.2438,1.0,635.16,1.0,-9999.0,1.0,136.133,1.0,19.5694,1.0,0.447496,1.0
2019-01-02 09:00:00,28,18.0,1.0,-9999.0,1.0,-9999.0,1.0,16.3957,1.0,21.5402,1.0,37.936,1.0,-9999.0,1.0,-9999.0,1.0,-9999.0,1.0,-9999.0,1.0,64.7472,1.0,53.6165,1.0,635.25,1.0,-9999.0,1.0,287.081,1.0,21.9422,1.0,0.194983,1.0
2019-01-02 10:00:00,28,22.0,1.0,-9999.0,1.0,-9999.0,1.0,12.4839,1.0,29.8723,1.0,42.3562,1.0,-9999.0,1.0,-9999.0,1.0,-9999.0,1.0,-9999.0,1.0,337.198,1.0,48.1664,1.0,635.076,1.0,-9999.0,1.0,426.547,1.0,23.0765,1.0,1.1549,1.0
2019-01-02 11:00:00,28,13.0,1.0,-9999.0,1.0,-9999.0,1.0,6.608,1.0,25.075,1.0,31.683,1.0,-9999.0,1.0,-9999.0,1.0,-9999.0,1.0,-9999.0,1.0,29.5568,1.0,38.45,1.0,634.382,1.0,-9999.0,1.0,550.503,1.0,25.7894,1.0,0.965625,1.0
2019-01-02 12:00:00,28,12.0,1.0,-9999.0,1.0,-9999.0,1.0,0.9405,1.0,11.9523,1.0,12.8928,1.0,-9999.0,1.0,-9999.0,1.0,-9999.0,1.0,-9999.0,1.0,318.673,1.0,30.2313,1.0,633.582,1.0,-9999.0,1.0,621.331,1.0,27.8735,1.0,1.23388,1.0
2019-01-02 13:00:00,28,8.0,1.0,-9999.0,1.0,-9999.0,1.0,1.1778,1.0,10.0401,1.0,11.2178,1.0,-9999.0,1.0,-9999.0,1.0,-9999.0,1.0,-9999.0,1.0,332.599,1.0,22.5797,1.0,632.773,1.0,-9999.0,1.0,633.433,1.0,29.2782,1.0,2.46392,1.0
2019-01-02 14:00:00,28,8.0,1.0,-9999.0,1.0,-9999.0,1.0,1.8633,1.0,8.4981,1.0,10.3614,1.0,-9999.0,1.0,-9999.0,1.0,-9999.0,1.0,-9999.0,1.0,343.176,1.0,18.3574,1.0,631.995,1.0,-9999.0,1.0,581.464,1.0,30.4089,1.0,2.46807,1.0
2019-01-02 15:00:00,28,7.0,1.0,-9999.0,1.0,-9999.0,1.0,2.2964,1.0,8.2291,1.0,10.5255,1.0,-9999.0,1.0,-9999.0,1.0,-9999.0,1.0,-9999.0,1.0,53.2956,1.0,15.0854,1.0,631.497,1.0,-9999.0,1.0,476.858,1.0,31.3018,1.0,1.8005,1.0
2019-01-02 16:00:00,28,4.0,1.0,-9999.0,1.0,-9999.0,1.0,1.9941,1.0,7.8395,1.0,9.8336,1.0,-9999.0,1.0,-9999.0,1.0,-9999.0,1.0,-9999.0,1.0,86.9861,1.0,17.2556,1.0,631.458,1.0,-9999.0,1.0,328.633,1.0,30.729,1.0,1.90164,1.0
2019-01-02 17:00:00,28,8.0,1.0,-9999.0,1.0,-9999.0,1.0,2.2446,1.0,10.0353,1.0,12.2798,1.0,-9999.0,1.0,-9999.0,1.0,-9999.0,1.0,-9999.0,1.0,54.3848,1.0,21.1933,1.0,631.65,1.0,-9999.0,1.0,166.097,1.0,30.0519,1.0,1.22961,1.0
2019-01-02 18:00:00,28,13.0,1.0,-9999.0,1.0,-9999.0,1.0,1.1547,1.0,12.5162,1.0,13.6709,1.0,-9999.0,1.0,-9999.0,1.0,-9999.0,1.0,-9999.0,1.0,64.0554,1.0,22.7222,1.0,631.942,1.0,-9999.0,1.0,21.0222,1.0,28.0999,1.0,0.481021,1.0
2019-01-02 19:00:00,28,14.0,1.0,-9999.0,1.0,-9999.0,1.0,5.1208,1.0,22.4934,1.0,27.6142,1.0,-9999.0,1.0,-9999.0,1.0,-9999.0,1.0,-9999.0,1.0,61.5234,1.0,28.7385,1.0,632.589,1.0,-9999.0,1.0,0.0388889,1.0,26.2943,1.0,0.15651,1.0
2019-01-02 20:00:00,28,19.0,1.0,-9999.0,1.0,-9999.0,1.0,6.6114,1.0,27.8256,1.0,34.437,1.0,-9999.0,1.0,-9999.0,1.0,-9999.0,1.0,-9999.0,1.0,312.048,1.0,35.064,1.0,633.577,1.0,-9999.0,1.0,0.0,1.0,24.6125,1.0,2.16572,1.0
2019-01-02 21:00:00,28,16.0,1.0,-9999.0,1.0,-9999.0,1.0,3.1829,1.0,23.046,1.0,26.2289,1.0,-9999.0,1.0,-9999.0,1.0,-9999.0,1.0,-9999.0,1.0,316.892,1.0,45.0776,1.0,634.27,1.0,-9999.0,1.0,0.0,1.0,23.2021,1.0,3.12524,1.0
2019-01-02 22:00:00,28,16.0,1.0,-9999.0,1.0,-9999.0,1.0,0.8423,1.0,17.2728,1.0,18.115,1.0,-9999.0,1.0,-9999.0,1.0,-9999.0,1.0,-9999.0,1.0,324.667,1.0,52.9238,1.0,634.521,1.0,-9999.0,1.0,0.0,1.0,22.0403,1.0,1.92155,1.0
2019-01-02 23:00:00,28,17.0,1.0,-9999.0,1.0,-9999.0,1.0,0.5221,1.0,19.8358,1.0,20.3579,1.0,-9999.0,1.0,-9999.0,1.0,-9999.0,1.0,-9999.0,1.0,3.41692,1.0,55.5367,1.0,634.864,1.0,-9999.0,1.0,0.0,1.0,21.4074,1.0,1.17165,1.0
2019-01-03 00:00:00,28,19.0,1.0,-9999.0,1.0,-9999.0,1.0,1.0375,1.0,25.076,1.0,26.1135,1.0,-9999.0,1.0,-9999.0,1.0,-9999.0,1.0,-9999.0,1.0,10.918,1.0,58.9425,1.0,634.688,1.0,-9999.0,1.0,0.0,1.0,20.6264,1.0,0.887896,1.0
2019-01-03 01:00:00,28,26.0,1.0,-9999.0,1.0,-9999.0,1.0,5.9307,1.0,27.2819,1.0,33.2126,1.0,-9999.0,1.0,-9999.0,1.0,-9999.0,1.0,-9999.0,1.0,256.051,1.0,62.4644,1.0,634.477,1.0,-9999.0,1.0,0.0,1.0,19.5511,1.0,0.128034,1.0
2019-01-03 02:00:00,28,30.0,1.0,-9999.0,1.0,-9999.0,1.0,9.9989,1.0,24.2616,1.0,34.2605,1.0,-9999.0,1.0,-9999.0,1.0,-9999.0,1.0,-9999.0,1.0,221.88,1.0,65.8193,1.0,634.125,1.0,-9999.0,1.0,0.0,1.0,18.405,1.0,0.270415,1.0
2019-01-03 03:00:00,28,30.0,1.0,-9999.0,1.0,-9999.0,1.0,7.8634,1.0,22.2512,1.0,30.1146,1.0,-9999.0,1.0,-9999.0,1.0,-9999.0,1.0,-9999.0,1.0,204.951,1.0,67.7464,1.0,634.125,1.0,-9999.0,1.0,0.0,1.0,17.6999,1.0,0.374034,1.0
2019-01-03 04:00:00,28,34.0,1.0,-9999.0,1.0,-9999.0,1.0,6.933,1.0,19.095,1.0,26.028,1.0,-9999.0,1.0,-9999.0,1.0,-9999.0,1.0,-9999.0,1.0,221.987,1.0,68.8257,1.0,634.205,1.0,-9999.0,1.0,0.0,1.0,17.0888,1.0,0.240853,1.0
2019-01-03 05:00:00,28,34.0,1.0,-9999.0,1.0,-9999.0,1.0,6.9389,1.0,17.6352,1.0,24.574,1.0,-9999.0,1.0,-9999.0,1.0,-9999.0,1.0,-9999.0,1.0,214.246,1.0,70.1794,1.0,634.572,1.0,-9999.0,1.0,0.0,1.0,16.5992,1.0,0.234916,1.0
2019-01-03 06:00:00,28,40.0,1.0,-9999.0,1.0,-9999.0,1.0,13.7842,1.0,17.9171,1.0,31.7013,1.0,-9999.0,1.0,-9999.0,1.0,-9999.0,1.0,-9999.0,1.0,214.416,1.0,70.57,1.0,635.1,1.0,-9999.0,1.0,0.0,1.0,16.23,1.0,0.436373,1.0
2019-01-03 07:00:00,28,48.0,1.0,-9999.0,1.0,-9999.0,1.0,49.9162,1.0,19.7312,1.0,69.6473,1.0,-9999.0,1.0,-9999.0,1.0,-9999.0,1.0,-9999.0,1.0,232.355,1.0,69.8538,1.0,635.574,1.0,-9999.0,1.0,9.175,1.0,16.2085,1.0,0.26523,1.0
2019-01-03 08:00:00,28,47.0,1.0,-9999.0,1.0,-9999.0,1.0,54.1105,1.0,26.8497,1.0,80.9602,1.0,-9999.0,1.0,-9999.0,1.0,-9999.0,1.0,-9999.0,1.0,115.4,1.0,56.8244,1.0,636.285,1.0,-9999.0,1.0,132.728,1.0,19.9546,1.0,0.268611,1.0
2019-01-03 09:00:00,28,28.0,1.0,-9999.0,1.0,-9999.0,1.0,32.7258,1.0,33.5736,1.0,66.2994,1.0,-9999.0,1.0,-9999.0,1.0,-9999.0,1.0,-9999.0,1.0,73.7567,1.0,49.4572,1.0,636.369,1.0,-9999.0,1.0,282.592,1.0,21.6735,1.0,0.690512,1.0
2019-01-03 10:00:00,28,24.0,1.0,-9999.0,1.0,-9999.0,1.0,16.992,1.0,44.3852,1.0,61.3773,1.0,-9999.0,1.0,-9999.0,1.0,-9999.0,1.0,-9999.0,1.0,358.477,1.0,41.975,1.0,635.97,1.0,-9999.0,1.0,436.655,1.0,23.8915,1.0,1.02204,1.0
2019-01-03 11:00:00,28,8.0,1.0,-9999.0,1.0,-9999.0,1.0,5.4531,1.0,23.9754,1.0,29.4285,1.0,-9999.0,1.0,-9999.0,1.0,-9999.0,1.0,-9999.0,1.0,319.079,1.0,30.1728,1.0,635.231,1.0,-9999.0,1.0,552.867,1.0,26.8314,1.0,1.78842,1.0
2019-01-03 12:00:00,28,8.0,1.0,-9999.0,1.0,-9999.0,1.0,2.9246,1.0,9.2697,1.0,12.1943,1.0,-9999.0,1.0,-9999.0,1.0,-9999.0,1.0,-9999.0,1.0,122.023,1.0,23.7707,1.0,634.576,1.0,-9999.0,1.0,614.439,1.0,28.5421,1.0,1.48513,1.0
2019-01-03 13:00:00,28,4.0,1.0,-9999.0,1.0,-9999.0,1.0,1.8805,1.0,4.4484,1.0,6.329,1.0,-9999.0,1.0,-9999.0,1.0,-9999.0,1.0,-9999.0,1.0,96.2433,1.0,23.1097,1.0,634.268,1.0,-9999.0,1.0,662.758,1.0,29.0881,1.0,2.62463,1.0
2019-01-03 14:00:00,28,1.0,1.0,-9999.0,1.0,-9999.0,1.0,2.085,1.0,5.0864,1.0,7.1714,1.0,-9999.0,1.0,-9999.0,1.0,-9999.0,1.0,-9999.0,1.0,109.064,1.0,23.3572,1.0,633.701,1.0,-9999.0,1.0,523.617,1.0,29.3226,1.0,2.68675,1.0
2019-01-03 15:00:00,28,8.0,1.0,-9999.0,1.0,-9999.0,1.0,2.1634,1.0,6.3122,1.0,8.4756,1.0,-9999.0,1.0,-9999.0,1.0,-9999.0,1.0,-9999.0,1.0,96.8661,1.0,23.101,1.0,633.144,1.0,-9999.0,1.0,358.439,1.0,29.406,1.0,1.9486,1.0
2019-01-03 16:00:00,28,12.0,1.0,-9999.0,1.0,-9999.0,1.0,1.4299,1.0,6.0539,1.0,7.4838,1.0,-9999.0,1.0,-9999.0,1.0,-9999.0,1.0,-9999.0,1.0,108.53,1.0,23.4061,1.0,632.931,1.0,-9999.0,1.0,130.119,1.0,28.6526,1.0,1.69933,1.0
2019-01-03 17:00:00,28,9.0,1.0,-9999.0,1.0,-9999.0,1.0,1.3987,1.0,7.2744,1.0,8.6731,1.0,-9999.0,1.0,-9999.0,1.0,-9999.0,1.0,-9999.0,1.0,88.8882,1.0,25.9383,1.0,633.164,1.0,-9999.0,1.0,73.1972,1.0,28.1239,1.0,0.584254,1.0
2019-01-03 18:00:00,28,11.0,1.0,-9999.0,1.0,-9999.0,1.0,2.7781,1.0,12.5948,1.0,15.3729,1.0,-9999.0,1.0,-9999.0,1.0,-9999.0,1.0,-9999.0,1.0,49.6132,1.0,29.6868,1.0,633.777,1.0,-9999.0,1.0,23.3417,1.0,27.0419,1.0,1.58635,1.0
2019-01-03 19:00:00,28,13.0,1.0,-9999.0,1.0,-9999.0,1.0,1.4596,1.0,14.5534,1.0,16.013,1.0,-9999.0,1.0,-9999.0,1.0,-9999.0,1.0,-9999.0,1.0,58.894,1.0,32.5593,1.0,634.383,1.0,-9999.0,1.0,0.00555556,1.0,25.7654,1.0,0.931421,1.0
2019-01-03 20:00:00,28,29.0,1.0,-9999.0,1.0,-9999.0,1.0,16.7342,1.0,27.2435,1.0,43.9777,1.0,-9999.0,1.0,-9999.0,1.0,-9999.0,1.0,-9999.0,1.0,318.915,1.0,36.8176,1.0,634.932,1.0,-9999.0,1.0,0.0,1.0,24.2838,1.0,0.388995,1.0
2019-01-03 21:00:00,28,44.0,1.0,-9999.0,1.0,-9999.0,1.0,45.2798,1.0,33.3231,1.0,78.6029,1.0,-9999.0,1.0,-9999.0,1.0,-9999.0,1.0,-9999.0,1.0,226.239,1.0,42.7501,1.0,635.254,1.0,-9999.0,1.0,0.0,1.0,22.6199,1.0,0.296456,1.0
2019-01-03 22:00:00,28,25.0,1.0,-9999.0,1.0,-9999.0,1.0,38.9552,1.0,31.3152,1.0,70.2704,1.0,-9999.0,1.0,-9999.0,1.0,-9999.0,1.0,-9999.0,1.0,311.912,1.0,41.7911,1.0,635.623,1.0,-9999.0,1.0,0.0,1.0,22.5858,1.0,0.837144,1.0
2019-01-03 23:00:00,28,28.0,1.0,-9999.0,1.0,-9999.0,1.0,37.524,1.0,29.4613,1.0,66.9854,1.0,-9999.0,1.0,-9999.0,1.0,-9999.0,1.0,-9999.0,1.0,267.38,1.0,47.1036,1.0,635.966,1.0,-9999.0,1.0,0.0,1.0,21.3439,1.0,0.298366,1.0
2019-01-04 00:00:00,28,16.0,1.0,-9999.0,1.0,-9999.0,1.0,6.7011,1.0,21.6319,1.0,28.333,1.0,-9999.0,1.0,-9999.0,1.0,-9999.0,1.0,-9999.0,1.0,335.306,1.0,52.3549,1.0,636.24,1.0,-9999.0,1.0,0.0,1.0,20.9636,1.0,0.953996,1.0
2019-01-04 01:00:00,28,17.0,1.0,-9999.0,1.0,-9999.0,1.0,0.731,1.0,16.9968,1.0,17.7277,1.0,-9999.0,1.0,-9999.0,1.0,-9999.0,1.0,-9999.0,1.0,15.4492,1.0,58.2415,1.0,636.184,1.0,-9999.0,1.0,0.0,1.0,20.2618,1.0,0.846637,1.0
2019-01-04 02:00:00,28,20.0,1.0,-9999.0,1.0,-9999.0,1.0,-0.0431,3.0,19.8679,2.6,19.8249,2.6,-9999.0,1.0,-9999.0,1.0,-9999.0,1.0,-9999.0,1.0,65.2023,1.0,59.4992,1.0,635.95,1.0,-9999.0,1.0,0.0,1.0,19.5632,1.0,0.342696,1.0
2019-01-04 03:00:00,28,19.0,1.0,-9999.0,1.0,-9999.0,1.0,3.2367,1.0,22.4749,1.0,25.7116,1.0,-9999.0,1.0,-9999.0,1.0,-9999.0,1.0,-9999.0,1.0,198.111,1.0,63.5397,1.0,635.654,1.0,-9999.0,1.0,0.0,1.0,18.4736,1.0,0.310315,1.0
2019-01-04 04:00:00,28,27.0,1.0,-9999.0,1.0,-9999.0,1.0,3.4453,1.0,20.4347,1.0,23.88,1.0,-9999.0,1.0,-9999.0,1.0,-9999.0,1.0,-9999.0,1.0,217.024,1.0,69.1089,1.0,635.628,1.0,-9999.0,1.0,0.0,1.0,17.4431,1.0,0.280694,1.0
2019-01-04 05:00:00,28,32.0,1.0,-9999.0,1.0,-9999.0,1.0,9.8887,1.0,20.67,1.0,30.5586,1.0,-9999.0,1.0,-9999.0,1.0,-9999.0,1.0,-9999.0,1.0,222.108,1.0,70.1504,1.0,635.737,1.0,-9999.0,1.0,0.0,1.0,17.2486,1.0,0.296329,1.0
2019-01-04 06:00:00,28,38.0,1.0,-9999.0,1.0,-9999.0,1.0,17.3503,1.0,21.01,1.0,38.3603,1.0,-9999.0,1.0,-9999.0,1.0,-9999.0,1.0,-9999.0,1.0,204.735,1.0,71.7821,1.0,636.216,1.0,-9999.0,1.0,0.0,1.0,17.0046,1.0,0.227943,1.0
2019-01-04 07:00:00,28,59.0,1.0,-9999.0,1.0,-9999.0,1.0,55.7937,2.2,23.2439,1.0,79.0376,2.2,-9999.0,1.0,-9999.0,1.0,-9999.0,1.0,-9999.0,1.0,229.942,1.0,72.3028,1.0,636.581,1.0,-9999.0,1.0,8.39444,1.0,17.0054,1.0,0.249703,1.0
2019-01-04 08:00:00,28,49.0,1.0,-9999.0,1.0,-9999.0,1.0,64.6065,2.2,34.1004,2.1,98.7069,2.2,-9999.0,1.0,-9999.0,1.0,-9999.0,1.0,-9999.0,1.0,43.0861,1.0,60.249,1.0,637.086,1.0,-9999.0,1.0,121.233,1.0,20.3204,1.0,0.167324,1.0
2019-01-04 09:00:00,28,38.0,1.0,-9999.0,1.0,-9999.0,1.0,33.4704,2.2,44.6255,2.2,78.096,2.2,-9999.0,1.0,-9999.0,1.0,-9999.0,1.0,-9999.0,1.0,117.316,1.0,52.8624,1.0,636.994,1.0,-9999.0,1.0,272.192,1.0,22.5674,1.0,0.647523,1.0
2019-01-04 10:00:00,28,32.0,1.0,-9999.0,1.0,-9999.0,1.0,10.8888,1.0,37.7667,1.0,48.6555,1.0,-9999.0,1.0,-9999.0,1.0,-9999.0,1.0,-9999.0,1.0,359.615,1.0,46.8904,1.0,636.7,1.0,-9999.0,1.0,418.389,1.0,24.2786,1.0,0.367864,1.0
2019-01-04 11:00:00,28,23.0,1.0,-9999.0,1.0,-9999.0,1.0,3.4629,1.0,24.6256,1.0,28.0885,1.0,-9999.0,1.0,-9999.0,1.0,-9999.0,1.0,-9999.0,1.0,325.089,1.0,40.0078,1.0,636.083,1.0,-9999.0,1.0,516.397,1.0,25.8942,1.0,1.44831,1.0
2019-01-04 12:00:00,28,16.0,1.0,-9999.0,1.0,-9999.0,1.0,0.6291,2.1,13.5297,1.0,14.1588,1.0,-9999.0,1.0,-9999.0,1.0,-9999.0,1.0,-9999.0,1.0,254.275,1.0,33.3007,1.0,635.25,1.0,-9999.0,1.0,597.233,1.0,28.2774,1.0,0.347304,1.0
2019-01-04 13:00:00,28,4.0,1.0,-9999.0,1.0,-9999.0,1.0,2.2036,1.0,9.0367,1.0,11.2403,1.0,-9999.0,1.0,-9999.0,1.0,-9999.0,1.0,-9999.0,1.0,32.3894,1.0,25.9733,1.0,634.552,1.0,-9999.0,1.0,618.117,1.0,30.096,1.0,1.60997,1.0
2019-01-04 14:00:00,28,6.0,1.0,-9999.0,1.0,-9999.0,1.0,2.2758,1.0,6.3436,1.0,8.6194,1.0,-9999.0,1.0,-9999.0,1.0,-9999.0,1.0,-9999.0,1.0,39.4108,1.0,24.5378,1.0,633.812,1.0,-9999.0,1.0,562.872,1.0,30.4681,1.0,1.60546,1.0
2019-01-04 15:00:00,28,7.0,1.0,-9999.0,1.0,-9999.0,1.0,2.1953,1.0,6.1188,1.0,8.3141,1.0,-9999.0,1.0,-9999.0,1.0,-9999.0,1.0,-9999.0,1.0,77.8959,1.0,24.2579,1.0,633.2,1.0,-9999.0,1.0,451.481,1.0,30.7674,1.0,1.81147,1.0
2019-01-04 16:00:00,28,8.0,1.0,-9999.0,1.0,-9999.0,1.0,4.5286,1.0,8.7447,1.0,13.2733,1.0,-9999.0,1.0,-9999.0,1.0,-9999.0,1.0,-9999.0,1.0,54.0828,1.0,24.7206,1.0,633.09,1.0,-9999.0,1.0,332.036,1.0,30.8932,1.0,1.8825,1.0
2019-01-04 17:00:00,28,10.0,1.0,-9999.0,1.0,-9999.0,1.0,3.6823,1.0,10.9162,1.0,14.5985,1.0,-9999.0,1.0,-9999.0,1.0,-9999.0,1.0,-9999.0,1.0,51.7102,1.0,30.515,1.0,633.418,1.0,-9999.0,1.0,123.383,1.0,29.5111,1.0,1.9933,1.0
2019-01-04 18:00:00,28,11.0,1.0,-9999.0,1.0,-9999.0,1.0,2.7102,1.0,14.6286,1.0,17.3389,1.0,-9999.0,1.0,-9999.0,1.0,-9999.0,1.0,-9999.0,1.0,72.2196,1.0,33.5058,1.0,633.809,1.0,-9999.0,1.0,28.1722,1.0,28.0533,1.0,1.72834,1.0
2019-01-04 19:00:00,28,19.0,1.0,-9999.0,1.0,-9999.0,1.0,1.3938,1.0,17.4387,1.0,18.8325,1.0,-9999.0,1.0,-9999.0,1.0,-9999.0,1.0,-9999.0,1.0,82.1998,1.0,39.516,1.0,634.519,1.0,-9999.0,1.0,0.0527778,1.0,26.2515,1.0,1.4105,1.0
2019-01-04 20:00:00,28,26.0,1.0,-9999.0,1.0,-9999.0,1.0,1.3369,1.0,20.5101,1.0,21.847,1.0,-9999.0,1.0,-9999.0,1.0,-9999.0,1.0,-9999.0,1.0,345.734,1.0,46.4157,1.0,635.191,1.0,-9999.0,1.0,0.0,1.0,24.9899,1.0,1.48998,1.0
2019-01-04 21:00:00,28,21.0,1.0,-9999.0,1.0,-9999.0,1.0,2.22,1.0,21.012,1.0,23.232,1.0,-9999.0,1.0,-9999.0,1.0,-9999.0,1.0,-9999.0,1.0,322.805,1.0,56.1656,1.0,635.816,1.0,-9999.0,1.0,0.0,1.0,23.9057,1.0,2.0051,1.0
2019-01-04 22:00:00,28,25.0,1.0,-9999.0,1.0,-9999.0,1.0,1.5954,1.0,20.6382,1.0,22.2336,1.0,-9999.0,1.0,-9999.0,1.0,-9999.0,1.0,-9999.0,1.0,321.293,1.0,63.4696,1.0,636.278,1.0,-9999.0,1.0,0.0,1.0,22.9883,1.0,2.55177,1.0
2019-01-04 23:00:00,28,22.0,1.0,-9999.0,1.0,-9999.0,1.0,1.1324,1.0,15.8103,1.0,16.9426,1.0,-9999.0,1.0,-9999.0,1.0,-9999.0,1.0,-9999.0,1.0,311.946,1.0,65.9408,1.0,636.373,1.0,-9999.0,1.0,0.0,1.0,22.3511,1.0,2.21301,1.0
2019-01-05 00:00:00,28,24.0,1.0,-9999.0,1.0,-9999.0,1.0,0.1708,1.0,14.0993,1.0,14.27,1.0,-9999.0,1.0,-9999.0,1.0,-9999.0,1.0,-9999.0,1.0,324.74,1.0,67.8586,1.0,636.373,1.0,-9999.0,1.0,0.0,1.0,21.8089,1.0,1.06498,1.0
2019-01-05 01:00:00,28,24.0,1.0,-9999.0,1.0,-9999.0,1.0,0.4043,1.0,18.0542,1.0,18.4585,1.0,-9999.0,1.0,-9999.0,1.0,-9999.0,1.0,-9999.0,1.0,352.687,1.0,71.9585,1.0,636.138,1.0,-9999.0,1.0,0.0,1.0,21.0322,1.0,0.561569,1.0
2019-01-05 02:00:00,28,22.0,1.0,-9999.0,1.0,-9999.0,1.0,0.002,2.1,16.39,1.0,16.392,1.0,-9999.0,1.0,-9999.0,1.0,-9999.0,1.0,-9999.0,1.0,354.843,1.0,73.9088,1.0,635.747,1.0,-9999.0,1.0,0.0,1.0,20.6657,1.0,0.691212,1.0
2019-01-05 03:00:00,28,38.0,1.0,-9999.0,1.0,-9999.0,1.0,0.3055,1.0,15.8626,1.0,16.168,1.0,-9999.0,1.0,-9999.0,1.0,-9999.0,1.0,-9999.0,1.0,256.386,1.0,74.9536,1.0,635.625,1.0,-9999.0,1.0,0.0,1.0,19.824,1.0,0.156624,1.0
2019-01-05 04:00:00,28,33.0,1.0,-9999.0,1.0,-9999.0,1.0,3.482,1.0,17.5762,1.0,21.0581,1.0,-9999.0,1.0,-9999.0,1.0,-9999.0,1.0,-9999.0,1.0,139.789,1.0,74.6292,1.0,635.57,1.0,-9999.0,1.0,0.0,1.0,19.3808,1.0,0.0825359,1.0
2019-01-05 05:00:00,28,34.0,1.0,-9999.0,1.0,-9999.0,1.0,7.5397,1.0,18.6363,1.0,26.176,1.0,-9999.0,1.0,-9999.0,1.0,-9999.0,1.0,-9999.0,1.0,219.992,1.0,73.9669,1.0,635.678,1.0,-9999.0,1.0,0.0,1.0,19.4392,1.0,0.148016,1.0
2019-01-05 06:00:00,28,34.0,1.0,-9999.0,1.0,-9999.0,1.0,11.6809,1.0,19.1224,1.0,30.8033,1.0,-9999.0,1.0,-9999.0,1.0,-9999.0,1.0,-9999.0,1.0,227.79,1.0,75.3322,1.0,635.931,1.0,-9999.0,1.0,0.0,1.0,19.4196,1.0,0.0992611,1.0
2019-01-05 07:00:00,28,44.0,1.0,-9999.0,1.0,-9999.0,1.0,24.2322,2.2,19.7487,1.0,43.9809,1.0,-9999.0,1.0,-9999.0,1.0,-9999.0,1.0,-9999.0,1.0,242.543,1.0,75.4097,1.0,636.187,1.0,-9999.0,1.0,7.00556,1.0,19.2694,1.0,0.402916,1.0
2019-01-05 08:00:00,28,42.0,1.0,-9999.0,1.0,-9999.0,1.0,17.6057,2.2,22.2338,1.0,39.8395,1.0,-9999.0,1.0,-9999.0,1.0,-9999.0,1.0,-9999.0,1.0,261.471,1.0,71.0765,1.0,636.557,1.0,-9999.0,1.0,56.4472,1.0,20.3218,1.0,0.095241,1.0
2019-01-05 09:00:00,28,37.0,1.0,-9999.0,1.0,-9999.0,1.0,17.4612,2.2,28.9174,1.0,46.3786,1.0,-9999.0,1.0,-9999.0,1.0,-9999.0,1.0,-9999.0,1.0,226.529,1.0,62.3304,1.0,636.75,1.0,-9999.0,1.0,164.458,1.0,22.3443,1.0,0.182351,1.0
2019-01-05 10:00:00,28,27.0,1.0,-9999.0,1.0,-9999.0,1.0,6.9101,1.0,23.6748,1.0,30.5848,1.0,-9999.0,1.0,-9999.0,1.0,-9999.0,1.0,-9999.0,1.0,291.327,1.0,52.7214,1.0,636.568,1.0,-9999.0,1.0,332.228,1.0,24.3344,1.0,0.480175,1.0
2019-01-05 11:00:00,28,32.0,1.0,-9999.0,1.0,-9999.0,1.0,3.2004,1.0,26.0138,1.0,29.2142,1.0,-9999.0,1.0,-9999.0,1.0,-9999.0,1.0,-9999.0,1.0,325.946,1.0,48.9496,1.0,636.254,1.0,-9999.0,1.0,327.28,1.0,25.0399,1.0,1.04642,1.0
2019-01-05 12:00:00,28,26.0,1.0,-9999.0,1.0,-9999.0,1.0,2.1734,1.0,26.707,1.0,28.8804,2.3,-9999.0,1.0,-9999.0,1.0,-9999.0,1.0,-9999.0,1.0,309.755,1.0,41.2686,1.0,635.49,1.0,-9999.0,1.0,396.122,1.0,26.5836,1.0,0.874762,1.0
2019-01-05 13:00:00,28,22.0,1.0,-9999.0,1.0,-9999.0,1.0,0.4256,1.0,19.3346,2.3,19.7602,1.0,-9999.0,1.0,-9999.0,1.0,-9999.0,1.0,-9999.0,1.0,288.891,1.0,36.7487,1.0,634.743,1.0,-9999.0,1.0,425.702,1.0,28.2547,1.0,0.498678,1.0
2019-01-05 14:00:00,28,22.0,1.0,-9999.0,1.0,-9999.0,1.0,-0.4385,3.0,16.5666,2.6,16.1281,2.6,-9999.0,1.0,-9999.0,1.0,-9999.0,1.0,-9999.0,1.0,324.344,1.0,33.0276,1.0,633.959,1.0,-9999.0,1.0,418.994,1.0,29.3349,1.0,0.603619,1.0
2019-01-05 15:00:00,28,30.0,2.3,-9999.0,1.0,-9999.0,1.0,-0.3899,3.0,19.0288,2.6,18.6389,2.6,-9999.0,1.0,-9999.0,1.0,-9999.0,1.0,-9999.0,1.0,309.71,1.0,32.9679,1.0,633.433,1.0,-9999.0,1.0,284.206,1.0,29.3229,1.0,1.06852,1.0
2019-01-05 16:00:00,28,18.0,1.0,-9999.0,1.0,-9999.0,1.0,0.8982,1.0,14.812,1.0,15.7102,1.0,-9999.0,1.0,-9999.0,1.0,-9999.0,1.0,-9999.0,1.0,329.441,1.0,36.2551,1.0,633.375,1.0,-9999.0,1.0,234.331,1.0,29.1603,1.0,2.19782,1.0
2019-01-05 17:00:00,28,24.0,2.3,-9999.0,1.0,-9999.0,1.0,1.4943,1.0,10.3605,1.0,11.8548,1.0,-9999.0,1.0,-9999.0,1.0,-9999.0,1.0,-9999.0,1.0,322.048,1.0,46.1994,1.0,633.645,1.0,-9999.0,1.0,116.422,1.0,27.611,1.0,3.21951,1.0
2019-01-05 18:00:00,28,24.0,1.0,-9999.0,1.0,-9999.0,1.0,2.0301,1.0,13.5639,1.0,15.594,1.0,-9999.0,1.0,-9999.0,1.0,-9999.0,1.0,-9999.0,1.0,314.826,1.0,51.751,1.0,633.867,1.0,-9999.0,1.0,18.0028,1.0,25.8899,1.0,2.99429,1.0
2019-01-05 19:00:00,28,22.0,1.0,-9999.0,1.0,-9999.0,1.0,2.9976,1.0,15.185,1.0,18.1826,1.0,-9999.0,1.0,-9999.0,1.0,-9999.0,1.0,-9999.0,1.0,341.554,1.0,54.6333,1.0,634.719,1.0,-9999.0,1.0,0.172222,1.0,23.5106,1.0,0.983656,1.0
2019-01-05 20:00:00,28,28.0,1.0,-9999.0,1.0,-9999.0,1.0,1.0085,1.0,13.242,1.0,14.2505,1.0,-9999.0,1.0,-9999.0,1.0,-9999.0,1.0,-9999.0,1.0,317.185,1.0,66.2739,1.0,635.245,1.0,-9999.0,1.0,0.0,1.0,23.1904,1.0,2.29788,1.0
2019-01-05 21:00:00,28,33.0,1.0,-9999.0,1.0,-9999.0,1.0,1.9747,1.0,15.519,1.0,17.4937,1.0,-9999.0,1.0,-9999.0,1.0,-9999.0,1.0,-9999.0,1.0,320.096,1.0,69.2667,1.0,635.762,1.0,-9999.0,1.0,0.0,1.0,22.7622,1.0,1.63007,1.0
2019-01-05 22:00:00,28,29.0,1.0,-9999.0,1.0,-9999.0,1.0,2.8401,1.0,18.073,1.0,20.9131,1.0,-9999.0,1.0,-9999.0,1.0,-9999.0,1.0,-9999.0,1.0,325.76,1.0,71.6711,1.0,636.155,1.0,-9999.0,1.0,0.0,1.0,22.1875,1.0,1.1151,1.0
2019-01-05 23:00:00,28,27.0,1.0,-9999.0,1.0,-9999.0,1.0,1.6552,1.0,16.058,1.0,17.7132,1.0,-9999.0,1.0,-9999.0,1.0,-9999.0,1.0,-9999.0,1.0,336.441,1.0,73.6828,1.0,636.375,1.0,-9999.0,1.0,0.0,1.0,21.5983,1.0,1.29059,1.0
2019-01-06 00:00:00,28,28.0,1.0,-9999.0,1.0,-9999.0,1.0,1.2334,1.0,16.0137,1.0,17.2471,1.0,-9999.0,1.0,-9999.0,1.0,-9999.0,1.0,-9999.0,1.0,347.779,1.0,75.5314,1.0,636.239,1.0,-9999.0,1.0,0.0,1.0,21.0289,1.0,0.78631,1.0
2019-01-06 01:00:00,28,25.0,1.0,-9999.0,1.0,-9999.0,1.0,0.6905,1.0,14.2436,1.0,14.9341,1.0,-9999.0,1.0,-9999.0,1.0,-9999.0,1.0,-9999.0,1.0,332.152,1.0,76.4974,1.0,635.826,1.0,-9999.0,1.0,0.0,1.0,20.5608,1.0,0.703139,1.0
2019-01-06 02:00:00,28,24.0,1.0,-9999.0,1.0,-9999.0,1.0,0.1446,1.0,12.8741,1.0,13.0187,1.0,-9999.0,1.0,-9999.0,1.0,-9999.0,1.0,-9999.0,1.0,339.878,1.0,77.679,1.0,635.379,1.0,-9999.0,1.0,0.0,1.0,20.3354,1.0,1.25111,1.0
2019-01-06 03:00:00,28,27.0,1.0,-9999.0,1.0,-9999.0,1.0,0.1777,1.0,12.4633,1.0,12.6409,1.0,-9999.0,1.0,-9999.0,1.0,-9999.0,1.0,-9999.0,1.0,337.379,1.0,76.82,1.0,635.25,1.0,-9999.0,1.0,0.0,1.0,20.2787,1.0,1.19234,1.0
2019-01-06 04:00:00,28,27.0,1.0,-9999.0,1.0,-9999.0,1.0,0.0347,1.0,11.3603,1.0,11.395,1.0,-9999.0,1.0,-9999.0,1.0,-9999.0,1.0,-9999.0,1.0,344.397,1.0,76.2403,1.0,635.25,3.0,-9999.0,1.0,0.0,1.0,20.0449,1.0,1.26412,1.0
2019-01-06 05:00:00,28,26.0,1.0,-9999.0,1.0,-9999.0,1.0,0.4412,1.0,13.0144,1.0,13.4556,1.0,-9999.0,1.0,-9999.0,1.0,-9999.0,1.0,-9999.0,1.0,342.132,1.0,77.2501,1.0,635.25,3.0,-9999.0,1.0,0.0,1.0,19.6772,1.0,0.838874,1.0
2019-01-06 06:00:00,28,30.0,1.0,-9999.0,1.0,-9999.0,1.0,1.8601,1.0,15.3035,1.0,17.1636,1.0,-9999.0,1.0,-9999.0,1.0,-9999.0,1.0,-9999.0,1.0,335.878,1.0,77.6813,1.0,635.466,1.0,-9999.0,1.0,0.0,1.0,19.4415,1.0,0.82013,1.0
2019-01-06 07:00:00,28,28.0,1.0,-9999.0,1.0,-9999.0,1.0,5.7451,1.0,17.2852,1.0,23.0302,1.0,-9999.0,1.0,-9999.0,1.0,-9999.0,1.0,-9999.0,1.0,1.88399,1.0,78.2675,1.0,636.0,1.0,-9999.0,1.0,2.66667,1.0,19.311,1.0,0.688016,1.0
2019-01-06 08:00:00,28,27.0,1.0,-9999.0,1.0,-9999.0,1.0,10.3073,1.0,17.2579,1.0,27.5652,1.0,-9999.0,1.0,-9999.0,1.0,-9999.0,1.0,-9999.0,1.0,322.194,1.0,76.5342,1.0,636.575,1.0,-9999.0,1.0,34.8472,1.0,19.7176,1.0,0.842433,1.0
2019-01-06 09:00:00,28,27.0,1.0,-9999.0,1.0,-9999.0,1.0,4.6289,2.1,14.4633,1.0,19.0922,1.0,-9999.0,1.0,-9999.0,1.0,-9999.0,1.0,-9999.0,1.0,334.571,1.0,71.1747,1.0,636.75,1.0,-9999.0,1.0,87.3722,1.0,20.7933,1.0,0.837799,1.0
2019-01-06 10:00:00,28,28.0,1.0,-9999.0,1.0,-9999.0,1.0,4.753,1.0,16.5446,1.0,21.2976,1.0,-9999.0,1.0,-9999.0,1.0,-9999.0,1.0,-9999.0,1.0,319.327,1.0,63.923,1.0,636.724,1.0,-9999.0,1.0,256.095,1.0,22.2276,1.0,0.848713,1.0
2019-01-06 11:00:00,28,29.0,1.0,-9999.0,1.0,-9999.0,1.0,2.0267,1.0,11.1264,1.0,13.1531,1.0,-9999.0,1.0,-9999.0,1.0,-9999.0,1.0,-9999.0,1.0,316.389,1.0,54.1411,1.0,636.418,1.0,-9999.0,1.0,359.831,1.0,24.0326,1.0,1.14423,1.0
2019-01-06 12:00:00,28,19.0,1.0,-9999.0,1.0,-9999.0,1.0,0.6307,2.1,9.8299,1.0,10.4607,1.0,-9999.0,1.0,-9999.0,1.0,-9999.0,1.0,-9999.0,1.0,344.178,1.0,46.474,1.0,635.709,1.0,-9999.0,1.0,553.581,1.0,26.3082,1.0,0.72867,1.0
2019-01-06 13:00:00,28,19.0,1.0,-9999.0,1.0,-9999.0,1.0,-0.4832,3.0,7.6293,2.6,7.1461,2.6,-9999.0,1.0,-9999.0,1.0,-9999.0,1.0,-9999.0,1.0,150.264,1.0,41.8051,1.0,635.002,1.0,-9999.0,1.0,570.2,1.0,27.7239,1.0,0.0434918,1.0
2019-01-06 14:00:00,28,25.0,1.0,-9999.0,1.0,-9999.0,1.0,-0.4835,3.0,9.0416,2.6,8.5582,2.6,-9999.0,1.0,-9999.0,1.0,-9999.0,1.0,-9999.0,1.0,118.895,1.0,39.1206,1.0,634.104,1.0,-9999.0,1.0,499.655,1.0,28.7431,1.0,0.995063,1.0
2019-01-06 15:00:00,28,29.0,1.0,-9999.0,1.0,-9999.0,1.0,-0.6765,3.0,7.9566,2.6,7.28,2.6,-9999.0,1.0,-9999.0,1.0,-9999.0,1.0,-9999.0,1.0,266.603,1.0,37.8618,1.0,633.659,1.0,-9999.0,1.0,286.72,1.0,28.9419,1.0,0.552365,1.0
2019-01-06 16:00:00,28,29.0,2.3,-9999.0,1.0,-9999.0,1.0,-0.6688,3.0,7.6744,2.6,7.0056,2.6,-9999.0,1.0,-9999.0,1.0,-9999.0,1.0,-9999.0,1.0,300.991,1.0,37.0086,1.0,633.325,1.0,-9999.0,1.0,259.472,1.0,29.6368,1.0,0.432682,1.0
2019-01-06 17:00:00,28,27.0,2.3,-9999.0,1.0,-9999.0,1.0,0.0871,2.1,8.9913,1.0,9.0785,1.0,-9999.0,1.0,-9999.0,1.0,-9999.0,1.0,-9999.0,1.0,319.321,1.0,47.8532,1.0,633.476,1.0,-9999.0,1.0,78.9389,1.0,26.8885,1.0,2.84303,1.0
2019-01-06 18:00:00,28,20.0,1.0,-9999.0,1.0,-9999.0,1.0,0.5832,2.1,8.2491,1.0,8.8323,1.0,-9999.0,1.0,-9999.0,1.0,-9999.0,1.0,-9999.0,1.0,313.549,1.0,58.2844,1.0,633.888,1.0,-9999.0,1.0,21.5361,1.0,24.5532,1.0,3.69421,1.0
2019-01-06 19:00:00,28,22.0,1.0,-9999.0,1.0,-9999.0,1.0,-0.0121,3.0,10.3524,2.6,10.3403,2.6,-9999.0,1.0,-9999.0,1.0,-9999.0,1.0,-9999.0,1.0,351.33,1.0,60.5118,1.0,634.977,1.0,-9999.0,1.0,0.0,1.0,21.9608,1.0,1.11435,1.0
2019-01-06 20:00:00,28,27.0,1.0,-9999.0,1.0,-9999.0,1.0,3.6022,1.0,20.4893,1.0,24.0914,1.0,-9999.0,1.0,-9999.0,1.0,-9999.0,1.0,-9999.0,1.0,34.6542,1.0,72.2208,1.0,636.01,1.0,-9999.0,1.0,0.0,1.0,19.29,1.0,0.717327,1.0
2019-01-06 21:00:00,28,23.0,1.0,-9999.0,1.0,-9999.0,1.0,2.1962,1.0,26.4097,1.0,28.6059,1.0,-9999.0,1.0,-9999.0,1.0,-9999.0,1.0,-9999.0,1.0,209.414,1.0,75.4029,1.0,636.575,1.0,-9999.0,1.0,0.0,1.0,18.9789,1.0,0.867553,1.0
2019-01-06 22:00:00,28,24.0,1.0,-9999.0,1.0,-9999.0,1.0,7.4548,1.0,28.5871,1.0,36.0419,1.0,-9999.0,1.0,-9999.0,1.0,-9999.0,1.0,-9999.0,1.0,189.84,1.0,76.8528,1.0,636.75,1.0,-9999.0,1.0,0.0,1.0,18.91,1.0,0.594757,1.0
2019-01-06 23:00:00,28,29.0,1.0,-9999.0,1.0,-9999.0,1.0,8.9226,1.0,26.6447,1.0,35.5672,1.0,-9999.0,1.0,-9999.0,1.0,-9999.0,1.0,-9999.0,1.0,155.312,1.0,76.4729,1.0,636.76,1.0,-9999.0,1.0,0.0,1.0,19.2394,1.0,0.251813,1.0
2019-01-07 00:00:00,28,38.0,1.0,-9999.0,1.0,-9999.0,1.0,14.1255,1.0,26.4056,1.0,40.5311,1.0,-9999.0,1.0,-9999.0,1.0,-9999.0,1.0,-9999.0,1.0,294.52,1.0,75.2415,1.0,636.651,1.0,-9999.0,1.0,0.0,1.0,19.5737,1.0,0.277243,1.0
2019-01-07 01:00:00,28,36.0,1.0,-9999.0,1.0,-9999.0,1.0,15.1752,1.0,26.1777,1.0,41.3529,1.0,-9999.0,1.0,-9999.0,1.0,-9999.0,1.0,-9999.0,1.0,188.719,1.0,75.6069,1.0,636.375,1.0,-9999.0,1.0,0.0,1.0,19.6629,1.0,0.171736,1.0
2019-01-07 02:00:00,28,33.0,1.0,-9999.0,1.0,-9999.0,1.0,10.4162,1.0,22.1117,1.0,32.5279,1.0,-9999.0,1.0,-9999.0,1.0,-9999.0,1.0,-9999.0,1.0,219.794,1.0,74.9611,1.0,636.093,1.0,-9999.0,1.0,0.0,1.0,19.6806,1.0,0.10347,1.0
2019-01-07 03:00:00,28,27.0,1.0,-9999.0,1.0,-9999.0,1.0,5.0041,1.0,18.4005,1.0,23.4045,1.0,-9999.0,1.0,-9999.0,1.0,-9999.0,1.0,-9999.0,1.0,190.229,1.0,73.6899,1.0,635.878,1.0,-9999.0,1.0,0.0,1.0,19.7869,1.0,0.174249,1.0
2019-01-07 04:00:00,28,27.0,1.0,-9999.0,1.0,-9999.0,1.0,2.3608,1.0,17.6174,1.0,19.9782,1.0,-9999.0,1.0,-9999.0,1.0,-9999.0,1.0,-9999.0,1.0,216.779,1.0,76.4072,1.0,635.638,1.0,-9999.0,1.0,0.0,1.0,19.6349,1.0,0.45036,1.0
2019-01-07 05:00:00,28,21.0,1.0,-9999.0,1.0,-9999.0,1.0,1.571,1.0,14.662,1.0,16.233,1.0,-9999.0,1.0,-9999.0,1.0,-9999.0,1.0,-9999.0,1.0,169.474,1.0,77.8118,1.0,635.635,1.0,-9999.0,1.0,0.0,1.0,19.145,1.0,0.442595,1.0
2019-01-07 06:00:00,28,34.0,1.0,-9999.0,1.0,-9999.0,1.0,3.9694,1.0,16.6817,1.0,20.6511,1.0,-9999.0,1.0,-9999.0,1.0,-9999.0,1.0,-9999.0,1.0,276.702,1.0,77.1843,1.0,636.093,1.0,-9999.0,1.0,0.0,1.0,19.2782,1.0,0.266111,1.0
2019-01-07 07:00:00,28,25.0,1.0,-9999.0,1.0,-9999.0,1.0,10.031,1.0,14.8665,1.0,24.8976,1.0,-9999.0,1.0,-9999.0,1.0,-9999.0,1.0,-9999.0,1.0,198.46,1.0,75.5353,1.0,636.652,1.0,-9999.0,1.0,4.48611,1.0,19.334,1.0,0.499227,1.0
2019-01-07 08:00:00,28,23.0,1.0,-9999.0,1.0,-9999.0,1.0,13.753,1.0,12.6774,1.0,26.4304,1.0,-9999.0,1.0,-9999.0,1.0,-9999.0,1.0,-9999.0,1.0,142.464,1.0,73.5304,1.0,637.257,1.0,-9999.0,1.0,54.2472,1.0,19.8897,1.0,0.376655,1.0
2019-01-07 09:00:00,28,27.0,1.0,-9999.0,1.0,-9999.0,1.0,6.5239,1.0,11.9554,1.0,18.4792,1.0,-9999.0,1.0,-9999.0,1.0,-9999.0,1.0,-9999.0,1.0,339.449,1.0,69.4403,1.0,637.567,1.0,-9999.0,1.0,288.517,1.0,21.4522,1.0,0.871399,1.0
2019-01-07 10:00:00,28,24.0,1.0,-9999.0,1.0,-9999.0,1.0,3.9029,1.0,10.18,1.0,14.0828,1.0,-9999.0,1.0,-9999.0,1.0,-9999.0,1.0,-9999.0,1.0,357.967,1.0,62.3206,1.0,637.532,1.0,-9999.0,1.0,389.317,1.0,22.6685,1.0,1.46068,1.0
2019-01-07 11:00:00,28,21.0,1.0,-9999.0,1.0,-9999.0,1.0,0.9051,2.1,6.0688,1.0,6.9739,1.0,-9999.0,1.0,-9999.0,1.0,-9999.0,1.0,-9999.0,1.0,359.173,1.0,54.0365,1.0,637.35,1.0,-9999.0,1.0,560.65,1.0,24.1044,1.0,1.46131,1.0
2019-01-07 12:00:00,28,19.0,1.0,-9999.0,1.0,-9999.0,1.0,0.1335,2.1,5.5108,1.0,5.6443,1.0,-9999.0,1.0,-9999.0,1.0,-9999.0,1.0,-9999.0,1.0,330.791,1.0,47.5458,1.0,636.776,1.0,-9999.0,1.0,545.317,1.0,25.5921,1.0,1.26478,1.0
2019-01-07 13:00:00,28,23.0,1.0,-9999.0,1.0,-9999.0,1.0,-0.1464,3.0,6.8062,2.6,6.6598,2.6,-9999.0,1.0,-9999.0,1.0,-9999.0,1.0,-9999.0,1.0,87.2511,1.0,45.4269,1.0,636.169,1.0,-9999.0,1.0,425.006,1.0,26.1454,1.0,0.330012,1.0
2019-01-07 14:00:00,28,21.0,1.0,-9999.0,1.0,-9999.0,1.0,-0.4746,3.0,6.8334,2.6,6.3588,2.6,-9999.0,1.0,-9999.0,1.0,-9999.0,1.0,-9999.0,1.0,142.89,1.0,41.0421,1.0,635.364,1.0,-9999.0,1.0,280.808,1.0,27.0165,1.0,0.560623,1.0
2019-01-07 15:00:00,28,23.0,1.0,-9999.0,1.0,-9999.0,1.0,4.0135,1.0,14.8626,1.0,18.876,1.0,-9999.0,1.0,-9999.0,1.0,-9999.0,1.0,-9999.0,1.0,185.957,1.0,52.2478,1.0,635.136,1.0,-9999.0,1.0,126.633,1.0,25.2414,1.0,2.60503,1.0
2019-01-07 16:00:00,28,20.0,1.0,-9999.0,1.0,-9999.0,1.0,1.2878,1.0,12.6459,1.0,13.9337,1.0,-9999.0,1.0,-9999.0,1.0,-9999.0,1.0,-9999.0,1.0,334.79,1.0,52.2324,1.0,635.246,1.0,-9999.0,1.0,62.6583,1.0,23.6364,1.0,0.801494,1.0
2019-01-07 17:00:00,28,20.0,1.0,-9999.0,1.0,-9999.0,1.0,0.8535,2.1,13.2799,1.0,14.1334,1.0,-9999.0,1.0,-9999.0,1.0,-9999.0,1.0,-9999.0,1.0,343.436,1.0,57.6117,1.0,635.315,1.0,-9999.0,1.0,62.35,1.0,22.551,1.0,1.79295,1.0
2019-01-07 18:00:00,28,20.0,1.0,-9999.0,1.0,-9999.0,1.0,0.9592,1.0,17.2385,1.0,18.1976,1.0,-9999.0,1.0,-9999.0,1.0,-9999.0,1.0,-9999.0,1.0,325.541,1.0,58.6421,1.0,635.611,1.0,-9999.0,1.0,20.3389,1.0,22.4642,1.0,0.673627,1.0
2019-01-07 19:00:00,28,26.0,1.0,-9999.0,1.0,-9999.0,1.0,3.5095,1.0,22.0981,1.0,25.6076,1.0,-9999.0,1.0,-9999.0,1.0,-9999.0,1.0,-9999.0,1.0,297.73,1.0,62.8297,1.0,636.004,1.0,-9999.0,1.0,0.0,1.0,22.0164,1.0,0.922055,1.0
2019-01-07 20:00:00,28,27.0,1.0,-9999.0,1.0,-9999.0,1.0,2.2791,1.0,22.1761,1.0,24.4553,1.0,-9999.0,1.0,-9999.0,1.0,-9999.0,1.0,-9999.0,1.0,211.446,1.0,64.3082,1.0,636.399,1.0,-9999.0,1.0,0.0,1.0,21.4504,1.0,0.61163,1.0
2019-01-07 21:00:00,28,19.0,1.0,-9999.0,1.0,-9999.0,1.0,6.6077,1.0,24.2048,1.0,30.8125,1.0,-9999.0,1.0,-9999.0,1.0,-9999.0,1.0,-9999.0,1.0,342.359,1.0,68.5385,1.0,636.751,1.0,-9999.0,1.0,0.0,1.0,21.1425,1.0,0.814934,1.0
2019-01-07 22:00:00,28,17.0,1.0,-9999.0,1.0,-9999.0,1.0,5.8915,1.0,21.8544,1.0,27.7459,1.0,-9999.0,1.0,-9999.0,1.0,-9999.0,1.0,-9999.0,1.0,338.178,1.0,72.2961,1.0,636.761,1.0,-9999.0,1.0,0.0,1.0,20.6664,1.0,1.19259,1.0
2019-01-07 23:00:00,28,17.0,1.0,-9999.0,1.0,-9999.0,1.0,2.4856,1.0,17.1285,1.0,19.6141,1.0,-9999.0,1.0,-9999.0,1.0,-9999.0,1.0,-9999.0,1.0,341.556,1.0,74.7221,1.0,636.818,1.0,-9999.0,1.0,0.0,1.0,20.3071,1.0,1.40139,1.0
2019-01-08 00:00:00,28,16.0,1.0,-9999.0,1.0,-9999.0,1.0,0.4529,1.0,12.9576,1.0,13.4105,1.0,-9999.0,1.0,-9999.0,1.0,-9999.0,1.0,-9999.0,1.0,337.307,1.0,75.9515,1.0,636.793,1.0,-9999.0,1.0,0.0,1.0,19.9467,1.0,1.53564,1.0
2019-01-08 01:00:00,28,10.0,1.0,-9999.0,1.0,-9999.0,1.0,-0.2939,3.0,9.0094,2.6,8.7154,2.6,-9999.0,1.0,-9999.0,1.0,-9999.0,1.0,-9999.0,1.0,332.206,1.0,77.1135,1.0,636.714,1.0,-9999.0,1.0,0.0,1.0,19.5143,1.0,1.70245,1.0
2019-01-08 02:00:00,28,21.0,1.0,-9999.0,1.0,-9999.0,1.0,-0.3565,3.0,9.5139,2.6,9.1575,2.6,-9999.0,1.0,-9999.0,1.0,-9999.0,1.0,-9999.0,1.0,343.07,1.0,77.6296,1.0,636.376,1.0,-9999.0,1.0,0.0,1.0,19.1821,1.0,1.63095,1.0
2019-01-08 03:00:00,28,15.0,1.0,-9999.0,1.0,-9999.0,1.0,-0.6368,3.0,6.4812,2.6,5.8445,2.6,-9999.0,1.0,-9999.0,1.0,-9999.0,1.0,-9999.0,1.0,341.735,1.0,76.8456,1.0,636.374,1.0,-9999.0,1.0,0.0,1.0,18.7318,1.0,2.08305,1.0
2019-01-08 04:00:00,28,16.0,1.0,-9999.0,1.0,-9999.0,1.0,-0.6611,3.0,7.2659,2.6,6.6049,2.6,-9999.0,1.0,-9999.0,1.0,-9999.0,1.0,-9999.0,1.0,344.425,1.0,76.1521,1.0,636.397,1.0,-9999.0,1.0,0.0,1.0,18.5122,1.0,1.27741,1.0
2019-01-08 05:00:00,28,20.0,1.0,-9999.0,1.0,-9999.0,1.0,-0.5132,3.0,8.7621,2.6,8.2489,2.6,-9999.0,1.0,-9999.0,1.0,-9999.0,1.0,-9999.0,1.0,343.68,1.0,75.7103,1.0,636.459,1.0,-9999.0,1.0,0.0,1.0,18.3729,1.0,0.72313,1.0
2019-01-08 06:00:00,28,27.0,1.0,-9999.0,1.0,-9999.0,1.0,4.9574,1.0,15.2484,1.0,20.2058,1.0,-9999.0,1.0,-9999.0,1.0,-9999.0,1.0,-9999.0,1.0,329.5,1.0,76.9042,1.0,636.643,1.0,-9999.0,1.0,0.0,1.0,17.8971,1.0,0.564231,1.0
2019-01-08 07:00:00,28,22.0,1.0,-9999.0,1.0,-9999.0,1.0,9.837,1.0,17.8995,1.0,27.7365,1.0,-9999.0,1.0,-9999.0,1.0,-9999.0,1.0,-9999.0,1.0,351.111,1.0,77.1953,1.0,637.016,1.0,-9999.0,1.0,2.52222,1.0,17.756,1.0,0.360096,1.0
2019-01-08 08:00:00,28,28.0,1.0,-9999.0,1.0,-9999.0,1.0,49.1555,1.0,22.2151,1.0,71.3707,1.0,-9999.0,1.0,-9999.0,1.0,-9999.0,1.0,-9999.0,1.0,323.346,1.0,74.8075,1.0,637.703,1.0,-9999.0,1.0,42.3639,1.0,18.0614,1.0,0.826559,1.0
2019-01-08 09:00:00,28,26.0,1.0,-9999.0,1.0,-9999.0,1.0,28.1608,1.0,19.2555,1.0,47.4162,1.0,-9999.0,1.0,-9999.0,1.0,-9999.0,1.0,-9999.0,1.0,61.1976,1.0,65.5399,1.0,637.881,1.0,-9999.0,1.0,163.003,1.0,20.0818,1.0,0.214892,1.0
2019-01-08 10:00:00,28,29.0,1.0,-9999.0,1.0,-9999.0,1.0,19.2081,1.0,27.5359,1.0,46.744,1.0,-9999.0,1.0,-9999.0,1.0,-9999.0,1.0,-9999.0,1.0,69.9921,1.0,56.8618,1.0,637.873,1.0,-9999.0,1.0,374.322,1.0,22.1864,1.0,0.535947,1.0
2019-01-08 11:00:00,28,30.0,1.0,-9999.0,1.0,-9999.0,1.0,15.7885,2.3,33.6394,1.0,49.4279,1.0,-9999.0,1.0,-9999.0,1.0,-9999.0,1.0,-9999.0,1.0,97.9001,1.0,49.0043,1.0,637.329,1.0,-9999.0,1.0,545.119,1.0,24.2932,1.0,0.715243,1.0
2019-01-08 12:00:00,28,18.0,1.0,-9999.0,1.0,-9999.0,1.0,3.8387,1.0,18.5011,1.0,22.3397,1.0,-9999.0,1.0,-9999.0,1.0,-9999.0,1.0,-9999.0,1.0,339.432,1.0,39.4892,1.0,636.754,1.0,-9999.0,1.0,612.683,1.0,25.7399,1.0,0.78784,1.0
2019-01-08 13:00:00,28,23.0,1.0,-9999.0,1.0,-9999.0,1.0,1.3257,1.0,18.6835,1.0,20.0092,1.0,-9999.0,1.0,-9999.0,1.0,-9999.0,1.0,-9999.0,1.0,14.275,1.0,35.716,1.0,635.993,1.0,-9999.0,1.0,567.2,1.0,27.17,1.0,0.471893,1.0
2019-01-08 14:00:00,28,21.0,1.0,-9999.0,1.0,-9999.0,1.0,0.1339,1.0,14.8068,1.0,14.9407,1.0,-9999.0,1.0,-9999.0,1.0,-9999.0,1.0,-9999.0,1.0,289.728,1.0,31.8353,1.0,635.098,1.0,-9999.0,1.0,545.247,1.0,28.0318,1.0,1.17111,1.0
2019-01-08 15:00:00,28,22.0,1.0,-9999.0,1.0,-9999.0,1.0,-0.3778,3.0,13.7546,2.6,13.3768,2.6,-9999.0,1.0,-9999.0,1.0,-9999.0,1.0,-9999.0,1.0,332.964,1.0,30.3801,1.0,634.598,1.0,-9999.0,1.0,150.522,1.0,27.6833,1.0,0.343382,1.0
2019-01-08 16:00:00,28,19.0,1.0,-9999.0,1.0,-9999.0,1.0,2.4582,1.0,17.4069,1.0,19.8651,1.0,-9999.0,1.0,-9999.0,1.0,-9999.0,1.0,-9999.0,1.0,116.426,1.0,40.821,1.0,634.49,1.0,-9999.0,1.0,56.0472,1.0,25.6294,1.0,1.35562,1.0
2019-01-08 17:00:00,28,22.0,1.0,-9999.0,1.0,-9999.0,1.0,3.2226,1.0,25.9001,1.0,29.1226,1.0,-9999.0,1.0,-9999.0,1.0,-9999.0,1.0,-9999.0,1.0,152.396,1.0,58.8519,1.0,634.886,1.0,-9999.0,1.0,6.93055,1.0,21.7882,1.0,1.07038,1.0
2019-01-08 18:00:00,28,29.0,1.0,-9999.0,1.0,-9999.0,1.0,3.5756,1.0,26.4462,1.0,30.0218,1.0,-9999.0,1.0,-9999.0,1.0,-9999.0,1.0,-9999.0,1.0,214.908,1.0,74.8851,1.0,635.713,1.0,-9999.0,1.0,6.1,1.0,19.1774,1.0,1.92667,1.0
2019-01-08 19:00:00,28,27.0,1.0,-9999.0,1.0,-9999.0,1.0,8.479,1.0,28.3226,1.0,36.8016,1.0,-9999.0,1.0,-9999.0,1.0,-9999.0,1.0,-9999.0,1.0,182.097,1.0,76.5975,1.0,636.191,1.0,-9999.0,1.0,0.0,1.0,19.031,1.0,0.853605,1.0
2019-01-08 20:00:00,28,24.0,1.0,-9999.0,1.0,-9999.0,1.0,23.1041,1.0,30.3973,1.0,53.5014,1.0,-9999.0,1.0,-9999.0,1.0,-9999.0,1.0,-9999.0,1.0,150.737,1.0,78.6435,1.0,636.603,1.0,-9999.0,1.0,0.0,1.0,18.7826,1.0,0.332527,1.0
2019-01-08 21:00:00,28,27.0,1.0,-9999.0,1.0,-9999.0,1.0,20.372,1.0,24.903,1.0,45.275,1.0,-9999.0,1.0,-9999.0,1.0,-9999.0,1.0,-9999.0,1.0,116.51,1.0,77.2503,1.0,637.065,1.0,-9999.0,1.0,0.0,1.0,18.9765,1.0,0.312343,1.0
2019-01-08 22:00:00,28,27.0,1.0,-9999.0,1.0,-9999.0,1.0,18.2281,1.0,25.1309,1.0,43.359,1.0,-9999.0,1.0,-9999.0,1.0,-9999.0,1.0,-9999.0,1.0,349.74,1.0,79.8828,1.0,637.576,1.0,-9999.0,1.0,0.0,1.0,18.7556,1.0,0.710718,1.0
2019-01-08 23:00:00,28,21.0,1.0,-9999.0,1.0,-9999.0,1.0,12.6206,1.0,24.505,1.0,37.1256,1.0,-9999.0,1.0,-9999.0,1.0,-9999.0,1.0,-9999.0,1.0,325.808,1.0,84.15,1.0,637.866,1.0,-9999.0,1.0,0.5,1.0,17.7938,1.0,0.556793,1.0
2019-01-09 00:00:00,28,15.0,1.0,-9999.0,1.0,-9999.0,1.0,0.3787,1.0,15.8778,1.0,16.2565,1.0,-9999.0,1.0,-9999.0,1.0,-9999.0,1.0,-9999.0,1.0,146.314,1.0,84.7637,1.0,637.859,1.0,-9999.0,1.0,0.108333,1.0,17.1586,1.0,0.0897291,1.0
2019-01-09 01:00:00,28,17.0,1.0,-9999.0,1.0,-9999.0,1.0,-0.1893,3.0,13.3059,2.6,13.1166,2.6,-9999.0,1.0,-9999.0,1.0,-9999.0,1.0,-9999.0,1.0,180.118,1.0,82.991,1.0,637.357,1.0,-9999.0,1.0,0.0916667,1.0,16.906,1.0,0.226677,1.0
2019-01-09 02:00:00,28,19.0,1.0,-9999.0,1.0,-9999.0,1.0,0.1577,1.0,11.9954,1.0,12.1531,1.0,-9999.0,1.0,-9999.0,1.0,-9999.0,1.0,-9999.0,1.0,220.092,1.0,82.2628,1.0,636.909,1.0,-9999.0,1.0,0.0,1.0,17.0474,1.0,0.194815,1.0
2019-01-09 03:00:00,28,13.0,1.0,-9999.0,1.0,-9999.0,1.0,0.2238,1.0,10.4638,1.0,10.6877,1.0,-9999.0,1.0,-9999.0,1.0,-9999.0,1.0,-9999.0,1.0,137.455,1.0,79.494,1.0,636.787,1.0,-9999.0,1.0,0.0,1.0,16.9226,1.0,0.384375,1.0
2019-01-09 04:00:00,28,20.0,1.0,-9999.0,1.0,-9999.0,1.0,1.3495,1.0,12.0318,1.0,13.3813,1.0,-9999.0,1.0,-9999.0,1.0,-9999.0,1.0,-9999.0,1.0,211.277,1.0,80.5104,1.0,636.75,1.0,-9999.0,1.0,0.0,1.0,16.5185,1.0,0.210108,1.0
2019-01-09 05:00:00,28,17.0,1.0,-9999.0,1.0,-9999.0,1.0,3.5071,1.0,12.7184,1.0,16.2255,1.0,-9999.0,1.0,-9999.0,1.0,-9999.0,1.0,-9999.0,1.0,198.871,1.0,80.123,1.0,636.749,1.0,-9999.0,1.0,0.0,1.0,16.3672,1.0,0.652078,1.0
2019-01-09 06:00:00,28,17.0,1.0,-9999.0,1.0,-9999.0,1.0,3.9715,1.0,13.0713,1.0,17.0428,1.0,-9999.0,1.0,-9999.0,1.0,-9999.0,1.0,-9999.0,1.0,186.928,1.0,78.7663,1.0,636.967,1.0,-9999.0,1.0,0.0,1.0,16.2992,1.0,0.225464,1.0
2019-01-09 07:00:00,28,21.0,1.0,-9999.0,1.0,-9999.0,1.0,31.3703,1.0,19.0306,1.0,50.4009,1.0,-9999.0,1.0,-9999.0,1.0,-9999.0,1.0,-9999.0,1.0,174.764,1.0,80.6975,1.0,637.5,1.0,-9999.0,1.0,3.18611,1.0,16.1289,1.0,0.381048,1.0
2019-01-09 08:00:00,28,40.0,2.2,-9999.0,1.0,-9999.0,1.0,28.0969,1.0,16.7768,1.0,44.8737,1.0,-9999.0,1.0,-9999.0,1.0,-9999.0,1.0,-9999.0,1.0,229.608,1.0,79.0013,1.0,638.015,1.0,-9999.0,1.0,39.1278,1.0,16.5425,1.0,0.127669,1.0
2019-01-09 09:00:00,28,20.0,1.0,-9999.0,1.0,-9999.0,1.0,45.6837,1.0,21.1334,1.0,66.8171,1.0,-9999.0,1.0,-9999.0,1.0,-9999.0,1.0,-9999.0,1.0,162.872,1.0,72.4546,1.0,638.25,1.0,-9999.0,1.0,106.794,1.0,18.2314,1.0,0.115731,1.0
2019-01-09 10:00:00,28,985.0,4.2985,-9999.0,1.0,-9999.0,1.0,55.9197,2.1,33.4279,1.0,89.3476,1.0,-9999.0,1.0,-9999.0,1.0,-9999.0,1.0,-9999.0,1.0,119.77,1.0,62.204,1.0,637.96,1.0,-9999.0,1.0,399.331,1.0,20.777,1.0,0.646341,1.0
2019-01-09 11:00:00,28,985.0,4.2985,-9999.0,1.0,-9999.0,1.0,-9999.0,4.31,-9999.0,4.31,-9999.0,4.31,-9999.0,1.0,-9999.0,1.0,-9999.0,1.0,-9999.0,1.0,141.893,1.0,51.7892,1.0,637.669,1.0,-9999.0,1.0,414.203,1.0,22.6244,1.0,0.647024,1.0
2019-01-09 12:00:00,28,17.0,1.0,-9999.0,1.0,-9999.0,1.0,-9999.0,4.31,-9999.0,4.31,-9999.0,4.31,-9999.0,1.0,-9999.0,1.0,-9999.0,1.0,-9999.0,1.0,237.133,1.0,51.6172,1.0,637.065,1.0,-9999.0,1.0,243.467,1.0,23.0518,1.0,0.971965,1.0
2019-01-09 13:00:00,28,17.0,1.0,-9999.0,1.0,-9999.0,1.0,6.4538,1.0,12.7641,1.0,19.2179,1.0,-9999.0,1.0,-9999.0,1.0,-9999.0,1.0,-9999.0,1.0,202.403,1.0,49.0158,1.0,636.491,1.0,-9999.0,1.0,369.892,1.0,23.9829,1.0,1.08126,1.0
2019-01-09 14:00:00,28,11.0,1.0,-9999.0,1.0,-9999.0,1.0,11.9149,1.0,15.6022,1.0,27.5172,1.0,-9999.0,1.0,-9999.0,1.0,-9999.0,1.0,-9999.0,1.0,180.939,1.0,47.0526,1.0,635.606,1.0,-9999.0,1.0,346.019,1.0,24.2315,1.0,2.28591,1.0
2019-01-09 15:00:00,28,7.0,1.0,-9999.0,1.0,-9999.0,1.0,15.757,1.0,17.9424,1.0,33.6994,1.0,-9999.0,1.0,-9999.0,1.0,-9999.0,1.0,-9999.0,1.0,186.598,1.0,44.5425,1.0,635.11,1.0,-9999.0,1.0,351.964,1.0,24.8386,1.0,2.05316,1.0
2019-01-09 16:00:00,28,9.0,1.0,-9999.0,1.0,-9999.0,1.0,6.173,1.0,13.8489,1.0,20.0219,1.0,-9999.0,1.0,-9999.0,1.0,-9999.0,1.0,-9999.0,1.0,176.925,1.0,42.5918,1.0,634.88,1.0,-9999.0,1.0,202.728,1.0,25.0618,1.0,1.40076,1.0
2019-01-09 17:00:00,28,23.0,1.0,-9999.0,1.0,-9999.0,1.0,6.7457,1.0,20.8945,1.0,27.6402,1.0,-9999.0,1.0,-9999.0,1.0,-9999.0,1.0,-9999.0,1.0,322.949,1.0,55.7746,1.0,635.208,1.0,-9999.0,1.0,41.825,1.0,22.2931,1.0,2.71154,1.0
2019-01-09 18:00:00,28,19.0,1.0,-9999.0,1.0,-9999.0,1.0,7.2974,1.0,17.6159,1.0,24.9133,1.0,-9999.0,1.0,-9999.0,1.0,-9999.0,1.0,-9999.0,1.0,298.606,1.0,69.9067,1.0,635.784,1.0,-9999.0,1.0,3.26389,1.0,19.5236,1.0,1.27215,1.0
2019-01-09 19:00:00,28,20.0,1.0,-9999.0,1.0,-9999.0,1.0,16.6835,1.0,25.2737,1.0,41.9572,1.0,-9999.0,1.0,-9999.0,1.0,-9999.0,1.0,-9999.0,1.0,202.589,1.0,80.0357,1.0,636.375,1.0,-9999.0,1.0,0.5,1.0,18.3239,1.0,0.703789,1.0
2019-01-09 20:00:00,28,25.0,1.0,-9999.0,1.0,-9999.0,1.0,15.1485,1.0,20.5097,1.0,35.6583,1.0,-9999.0,1.0,-9999.0,1.0,-9999.0,1.0,-9999.0,1.0,236.937,1.0,78.6829,1.0,636.705,1.0,-9999.0,1.0,0.0,1.0,18.2967,1.0,0.386993,1.0
2019-01-09 21:00:00,28,29.0,1.0,-9999.0,1.0,-9999.0,1.0,35.926,1.0,22.157,1.0,58.083,1.0,-9999.0,1.0,-9999.0,1.0,-9999.0,1.0,-9999.0,1.0,166.775,1.0,77.2228,1.0,637.138,1.0,-9999.0,1.0,0.0,1.0,18.5164,1.0,0.395474,1.0
2019-01-09 22:00:00,28,29.0,1.0,-9999.0,1.0,-9999.0,1.0,30.6721,1.0,17.4394,1.0,48.1115,1.0,-9999.0,1.0,-9999.0,1.0,-9999.0,1.0,-9999.0,1.0,185.367,1.0,77.4215,1.0,637.145,1.0,-9999.0,1.0,0.0,1.0,18.225,1.0,0.37091,1.0
2019-01-09 23:00:00,28,21.0,1.0,-9999.0,1.0,-9999.0,1.0,16.976,1.0,13.7075,1.0,30.6835,1.0,-9999.0,1.0,-9999.0,1.0,-9999.0,1.0,-9999.0,1.0,195.776,1.0,76.0158,1.0,637.125,1.0,-9999.0,1.0,0.0,1.0,18.0643,1.0,0.616813,1.0
2019-01-10 00:00:00,28,16.0,1.0,-9999.0,1.0,-9999.0,1.0,9.4186,1.0,13.0352,1.0,22.4538,1.0,-9999.0,1.0,-9999.0,1.0,-9999.0,1.0,-9999.0,1.0,192.94,1.0,74.8899,1.0,637.106,1.0,-9999.0,1.0,0.0,1.0,18.1964,1.0,0.431785,1.0
2019-01-10 01:00:00,28,28.0,1.0,-9999.0,1.0,-9999.0,1.0,9.003,1.0,16.4118,1.0,25.4148,1.0,-9999.0,1.0,-9999.0,1.0,-9999.0,1.0,-9999.0,1.0,322.796,1.0,79.6103,1.0,636.746,1.0,-9999.0,1.0,0.502778,1.0,17.9665,1.0,0.513662,1.0
2019-01-10 02:00:00,28,17.0,1.0,-9999.0,1.0,-9999.0,1.0,0.7856,1.0,14.0244,1.0,14.81,1.0,-9999.0,1.0,-9999.0,1.0,-9999.0,1.0,-9999.0,1.0,20.8526,1.0,85.8154,1.0,636.352,1.0,-9999.0,1.0,1.10278,1.0,17.2356,1.0,0.266133,1.0
2019-01-10 03:00:00,28,19.0,1.0,-9999.0,1.0,-9999.0,1.0,0.9184,1.0,15.5845,1.0,16.5029,1.0,-9999.0,1.0,-9999.0,1.0,-9999.0,1.0,-9999.0,1.0,338.058,1.0,86.7299,1.0,635.924,1.0,-9999.0,1.0,0.0,1.0,17.236,1.0,0.295766,1.0
2019-01-10 04:00:00,28,18.0,1.0,-9999.0,1.0,-9999.0,1.0,5.8592,1.0,17.1962,1.0,23.0554,1.0,-9999.0,1.0,-9999.0,1.0,-9999.0,1.0,-9999.0,1.0,313.72,1.0,86.3224,1.0,635.984,1.0,-9999.0,1.0,0.0,1.0,17.3367,1.0,0.0124232,1.0
2019-01-10 05:00:00,28,29.0,1.0,-9999.0,1.0,-9999.0,1.0,8.1961,1.0,18.4451,1.0,26.6412,1.0,-9999.0,1.0,-9999.0,1.0,-9999.0,1.0,-9999.0,1.0,352.054,1.0,85.5492,1.0,636.078,1.0,-9999.0,1.0,0.0,1.0,17.5026,1.0,0.200153,1.0
2019-01-10 06:00:00,28,28.0,1.0,-9999.0,1.0,-9999.0,1.0,12.0241,1.0,16.9184,1.0,28.9424,1.0,-9999.0,1.0,-9999.0,1.0,-9999.0,1.0,-9999.0,1.0,354.616,1.0,83.9829,1.0,636.368,1.0,-9999.0,1.0,0.0,1.0,17.6136,1.0,0.263381,1.0
2019-01-10 07:00:00,28,25.0,1.0,-9999.0,1.0,-9999.0,1.0,24.9628,1.0,16.9225,1.0,41.8853,1.0,-9999.0,1.0,-9999.0,1.0,-9999.0,1.0,-9999.0,1.0,287.234,1.0,81.0386,1.0,636.517,1.0,-9999.0,1.0,9.60556,1.0,17.5081,1.0,0.0854024,1.0
2019-01-10 08:00:00,28,32.0,1.0,-9999.0,1.0,-9999.0,1.0,40.4836,2.2,18.9259,1.0,59.4095,1.0,-9999.0,1.0,-9999.0,1.0,-9999.0,1.0,-9999.0,1.0,340.868,1.0,78.8197,1.0,637.099,1.0,-9999.0,1.0,47.0778,1.0,18.2738,1.0,0.114407,1.0
2019-01-10 09:00:00,28,43.0,1.0,-9999.0,1.0,-9999.0,1.0,51.2638,2.2,26.1803,1.0,77.4441,2.2,-9999.0,1.0,-9999.0,1.0,-9999.0,1.0,-9999.0,1.0,340.808,1.0,74.4074,1.0,637.5,1.0,-9999.0,1.0,219.339,1.0,19.357,1.0,0.789356,1.0
2019-01-10 10:00:00,28,38.0,1.0,-9999.0,1.0,-9999.0,1.0,20.3932,1.0,29.3298,1.0,49.723,1.0,-9999.0,1.0,-9999.0,1.0,-9999.0,1.0,-9999.0,1.0,313.576,1.0,62.7645,1.0,637.25,1.0,-9999.0,1.0,255.322,1.0,21.3186,1.0,0.830758,1.0
2019-01-10 11:00:00,28,29.0,1.0,-9999.0,1.0,-9999.0,1.0,8.9343,1.0,21.7541,1.0,30.6884,1.0,-9999.0,1.0,-9999.0,1.0,-9999.0,1.0,-9999.0,1.0,66.9397,1.0,51.0372,1.0,636.706,1.0,-9999.0,1.0,493.342,1.0,23.4264,1.0,0.332378,1.0
2019-01-10 12:00:00,28,34.0,2.3,-9999.0,1.0,-9999.0,1.0,4.4186,1.0,23.1644,1.0,27.583,1.0,-9999.0,1.0,-9999.0,1.0,-9999.0,1.0,-9999.0,1.0,320.122,1.0,50.8831,1.0,636.169,1.0,-9999.0,1.0,115.047,1.0,23.0522,1.0,1.025,1.0
2019-01-10 13:00:00,28,24.0,1.0,-9999.0,1.0,-9999.0,1.0,5.1327,1.0,22.7697,1.0,27.9023,1.0,-9999.0,1.0,-9999.0,1.0,-9999.0,1.0,-9999.0,1.0,120.446,1.0,47.3771,1.0,635.576,1.0,-9999.0,1.0,316.933,1.0,24.0128,1.0,0.172305,1.0
2019-01-10 14:00:00,28,19.0,1.0,-9999.0,1.0,-9999.0,1.0,3.7576,1.0,20.796,1.0,24.5536,1.0,-9999.0,1.0,-9999.0,1.0,-9999.0,1.0,-9999.0,1.0,268.344,1.0,44.0572,1.0,634.695,1.0,-9999.0,1.0,109.222,1.0,24.4526,1.0,0.23765,1.0
2019-01-10 15:00:00,28,18.0,1.0,-9999.0,1.0,-9999.0,1.0,3.4675,1.0,20.3673,1.0,23.8348,1.0,-9999.0,1.0,-9999.0,1.0,-9999.0,1.0,-9999.0,1.0,324.131,1.0,46.9308,1.0,634.261,1.0,-9999.0,1.0,109.086,1.0,24.0919,1.0,0.847477,1.0
2019-01-10 16:00:00,28,21.0,1.0,-9999.0,1.0,-9999.0,1.0,11.2068,1.0,19.0224,1.0,30.2292,1.0,-9999.0,1.0,-9999.0,1.0,-9999.0,1.0,-9999.0,1.0,302.679,1.0,62.0546,1.0,634.652,1.0,-9999.0,1.0,56.8889,1.0,21.4815,1.0,1.48907,1.0
2019-01-10 17:00:00,28,32.0,1.0,-9999.0,1.0,-9999.0,1.0,13.401,2.3,21.2973,1.0,34.6983,1.0,-9999.0,1.0,-9999.0,1.0,-9999.0,1.0,-9999.0,1.0,244.605,1.0,69.834,1.0,634.93,1.0,-9999.0,1.0,33.7778,1.0,20.2722,1.0,0.735401,1.0
2019-01-10 18:00:00,28,34.0,1.0,-9999.0,1.0,-9999.0,1.0,17.1463,2.3,23.0175,1.0,40.1638,1.0,-9999.0,1.0,-9999.0,1.0,-9999.0,1.0,-9999.0,1.0,249.673,1.0,69.7243,1.0,635.248,1.0,-9999.0,1.0,10.7,1.0,20.2239,1.0,0.617785,1.0
2019-01-10 19:00:00,28,16.0,1.0,-9999.0,1.0,-9999.0,1.0,15.0683,1.0,19.9433,1.0,35.0116,1.0,-9999.0,1.0,-9999.0,1.0,-9999.0,1.0,-9999.0,1.0,309.354,1.0,68.1263,1.0,635.569,1.0,-9999.0,1.0,0.341667,1.0,19.9013,1.0,1.56795,1.0
2019-01-10 20:00:00,28,16.0,1.0,-9999.0,1.0,-9999.0,1.0,11.0433,1.0,18.1363,1.0,29.1797,1.0,-9999.0,1.0,-9999.0,1.0,-9999.0,1.0,-9999.0,1.0,325.311,1.0,70.4792,1.0,636.277,1.0,-9999.0,1.0,0.0,1.0,19.3842,1.0,1.69335,1.0
2019-01-10 21:00:00,28,20.0,1.0,-9999.0,1.0,-9999.0,1.0,12.2951,1.0,18.3311,1.0,30.6262,1.0,-9999.0,1.0,-9999.0,1.0,-9999.0,1.0,-9999.0,1.0,349.369,1.0,74.7179,1.0,636.695,1.0,-9999.0,1.0,0.0,1.0,18.8018,1.0,0.482676,1.0
2019-01-10 22:00:00,28,20.0,1.0,-9999.0,1.0,-9999.0,1.0,14.7114,1.0,17.0972,1.0,31.8086,1.0,-9999.0,1.0,-9999.0,1.0,-9999.0,1.0,-9999.0,1.0,302.977,1.0,76.4036,1.0,637.102,1.0,-9999.0,1.0,0.0,1.0,18.5801,1.0,0.174495,1.0
2019-01-10 23:00:00,28,19.0,1.0,-9999.0,1.0,-9999.0,1.0,6.7485,1.0,15.2204,1.0,21.9689,1.0,-9999.0,1.0,-9999.0,1.0,-9999.0,1.0,-9999.0,1.0,302.257,1.0,75.1762,1.0,636.901,1.0,-9999.0,1.0,0.0,1.0,18.4931,1.0,0.245478,1.0
2019-01-11 00:00:00,28,21.0,1.0,-9999.0,1.0,-9999.0,1.0,8.3661,1.0,15.4544,1.0,23.8205,1.0,-9999.0,1.0,-9999.0,1.0,-9999.0,1.0,-9999.0,1.0,335.908,1.0,77.7068,1.0,636.75,1.0,-9999.0,1.0,0.0,1.0,18.2261,1.0,0.47087,1.0
2019-01-11 01:00:00,28,11.0,1.0,-9999.0,1.0,-9999.0,1.0,0.9386,1.0,10.1924,1.0,11.131,1.0,-9999.0,1.0,-9999.0,1.0,-9999.0,1.0,-9999.0,1.0,352.657,1.0,78.9778,1.0,636.532,1.0,-9999.0,1.0,0.0,1.0,17.8383,1.0,0.582763,1.0
2019-01-11 02:00:00,28,11.0,1.0,-9999.0,1.0,-9999.0,1.0,0.5704,1.0,10.2465,1.0,10.8168,1.0,-9999.0,1.0,-9999.0,1.0,-9999.0,1.0,-9999.0,1.0,352.343,1.0,81.8664,1.0,636.17,1.0,-9999.0,1.0,0.0,1.0,17.3415,1.0,0.43635,1.0
2019-01-11 03:00:00,28,12.0,1.0,-9999.0,1.0,-9999.0,1.0,0.402,1.0,7.7646,1.0,8.1666,1.0,-9999.0,1.0,-9999.0,1.0,-9999.0,1.0,-9999.0,1.0,18.7971,1.0,82.1054,1.0,635.847,1.0,-9999.0,1.0,0.0,1.0,17.3639,1.0,0.310954,1.0
2019-01-11 04:00:00,28,15.0,1.0,-9999.0,1.0,-9999.0,1.0,1.3606,1.0,9.8893,1.0,11.2499,1.0,-9999.0,1.0,-9999.0,1.0,-9999.0,1.0,-9999.0,1.0,338.312,1.0,81.3456,1.0,635.819,1.0,-9999.0,1.0,0.0,1.0,17.3713,1.0,0.637279,1.0
2019-01-11 05:00:00,28,15.0,1.0,-9999.0,1.0,-9999.0,1.0,0.9579,1.0,8.0076,1.0,8.9654,1.0,-9999.0,1.0,-9999.0,1.0,-9999.0,1.0,-9999.0,1.0,348.072,1.0,79.1254,1.0,636.019,1.0,-9999.0,1.0,0.0,1.0,17.3655,1.0,0.601168,1.0
2019-01-11 06:00:00,28,20.0,1.0,-9999.0,1.0,-9999.0,1.0,8.737,1.0,13.6948,1.0,22.4318,1.0,-9999.0,1.0,-9999.0,1.0,-9999.0,1.0,-9999.0,1.0,15.1387,1.0,79.3089,1.0,636.373,1.0,-9999.0,1.0,0.0,1.0,17.2154,1.0,1.05801,1.0
2019-01-11 07:00:00,28,20.0,1.0,-9999.0,1.0,-9999.0,1.0,26.5379,1.0,16.8951,1.0,43.433,1.0,-9999.0,1.0,-9999.0,1.0,-9999.0,1.0,-9999.0,1.0,354.64,1.0,79.8297,1.0,636.643,1.0,-9999.0,1.0,9.275,1.0,17.1125,1.0,0.719845,1.0
2019-01-11 08:00:00,28,26.0,1.0,-9999.0,1.0,-9999.0,1.0,34.2436,2.2,17.6846,1.0,51.9282,2.2,-9999.0,1.0,-9999.0,1.0,-9999.0,1.0,-9999.0,1.0,9.29547,1.0,74.3743,1.0,637.299,1.0,-9999.0,1.0,96.9333,1.0,18.3043,1.0,0.828638,1.0
2019-01-11 09:00:00,28,20.0,1.0,-9999.0,1.0,-9999.0,1.0,26.8833,2.2,20.598,1.0,47.4813,1.0,-9999.0,1.0,-9999.0,1.0,-9999.0,1.0,-9999.0,1.0,33.8041,1.0,66.9682,1.0,637.5,1.0,-9999.0,1.0,227.992,1.0,19.9997,1.0,0.775303,1.0
2019-01-11 10:00:00,28,20.0,1.0,-9999.0,1.0,-9999.0,1.0,13.8609,1.0,20.0426,1.0,33.9036,1.0,-9999.0,1.0,-9999.0,1.0,-9999.0,1.0,-9999.0,1.0,63.0822,1.0,53.4403,1.0,637.26,1.0,-9999.0,1.0,439.1,1.0,22.565,1.0,0.446275,1.0
2019-01-11 11:00:00,28,22.0,1.0,-9999.0,1.0,-9999.0,1.0,8.5989,1.0,25.1333,1.0,33.7323,1.0,-9999.0,1.0,-9999.0,1.0,-9999.0,1.0,-9999.0,1.0,346.432,1.0,45.8775,1.0,636.962,1.0,-9999.0,1.0,559.358,1.0,24.2831,1.0,0.235419,1.0
2019-01-11 12:00:00,28,19.0,1.0,-9999.0,1.0,-9999.0,1.0,4.6503,1.0,19.0659,1.0,23.7162,1.0,-9999.0,1.0,-9999.0,1.0,-9999.0,1.0,-9999.0,1.0,156.908,1.0,40.5822,1.0,636.221,1.0,-9999.0,1.0,650.383,1.0,25.5147,1.0,0.535624,1.0
2019-01-11 13:00:00,28,21.0,1.0,-9999.0,1.0,-9999.0,1.0,2.3033,1.0,14.5996,1.0,16.903,1.0,-9999.0,1.0,-9999.0,1.0,-9999.0,1.0,-9999.0,1.0,228.985,1.0,37.8969,1.0,635.494,1.0,-9999.0,1.0,471.519,1.0,26.2865,1.0,0.829076,1.0
2019-01-11 14:00:00,28,16.0,1.0,-9999.0,1.0,-9999.0,1.0,0.9285,1.0,8.4955,1.0,9.424,1.0,-9999.0,1.0,-9999.0,1.0,-9999.0,1.0,-9999.0,1.0,185.838,1.0,33.9349,1.0,634.636,1.0,-9999.0,1.0,623.911,1.0,27.4253,1.0,0.490526,1.0
2019-01-11 15:00:00,28,19.0,1.0,-9999.0,1.0,-9999.0,1.0,1.176,1.0,13.6508,1.0,14.8268,1.0,-9999.0,1.0,-9999.0,1.0,-9999.0,1.0,-9999.0,1.0,327.729,1.0,32.5142,1.0,633.925,1.0,-9999.0,1.0,405.639,1.0,27.6571,1.0,0.5892,1.0
2019-01-11 16:00:00,28,23.0,1.0,-9999.0,1.0,-9999.0,1.0,3.152,1.0,20.1751,1.0,23.3272,1.0,-9999.0,1.0,-9999.0,1.0,-9999.0,1.0,-9999.0,1.0,314.496,1.0,45.3757,1.0,633.977,1.0,-9999.0,1.0,65.0417,1.0,24.8029,1.0,2.9951,1.0
2019-01-11 17:00:00,28,23.0,1.0,-9999.0,1.0,-9999.0,1.0,5.2044,1.0,16.2813,1.0,21.4857,1.0,-9999.0,1.0,-9999.0,1.0,-9999.0,1.0,-9999.0,1.0,292.676,1.0,51.9938,1.0,634.3,1.0,-9999.0,1.0,28.3667,1.0,23.3858,1.0,1.10319,1.0
2019-01-11 18:00:00,28,23.0,1.0,-9999.0,1.0,-9999.0,1.0,8.7015,1.0,16.1531,1.0,24.8545,1.0,-9999.0,1.0,-9999.0,1.0,-9999.0,1.0,-9999.0,1.0,305.385,1.0,57.1807,1.0,634.704,1.0,-9999.0,1.0,17.4361,1.0,21.9308,1.0,3.18805,1.0
2019-01-11 19:00:00,28,21.0,1.0,-9999.0,1.0,-9999.0,1.0,7.8291,1.0,15.7949,1.0,23.624,1.0,-9999.0,1.0,-9999.0,1.0,-9999.0,1.0,-9999.0,1.0,307.868,1.0,61.1733,1.0,635.094,1.0,-9999.0,1.0,0.0,1.0,21.0742,1.0,3.29593,1.0
2019-01-11 20:00:00,28,16.0,1.0,-9999.0,1.0,-9999.0,1.0,5.9987,1.0,14.9476,1.0,20.9464,1.0,-9999.0,1.0,-9999.0,1.0,-9999.0,1.0,-9999.0,1.0,313.524,1.0,66.2558,1.0,635.697,1.0,-9999.0,1.0,0.0,1.0,20.3418,1.0,1.694,1.0
2019-01-11 21:00:00,28,20.0,1.0,-9999.0,1.0,-9999.0,1.0,5.4991,1.0,16.8549,1.0,22.354,1.0,-9999.0,1.0,-9999.0,1.0,-9999.0,1.0,-9999.0,1.0,334.434,1.0,67.9415,1.0,636.25,1.0,-9999.0,1.0,0.0,1.0,20.0935,1.0,1.23227,1.0
2019-01-11 22:00:00,28,17.0,1.0,-9999.0,1.0,-9999.0,1.0,4.8077,1.0,16.0787,1.0,20.8863,1.0,-9999.0,1.0,-9999.0,1.0,-9999.0,1.0,-9999.0,1.0,335.345,1.0,70.4679,1.0,636.584,1.0,-9999.0,1.0,0.0,1.0,19.5921,1.0,1.3759,1.0
2019-01-11 23:00:00,28,16.0,1.0,-9999.0,1.0,-9999.0,1.0,4.4449,1.0,17.27,1.0,21.7149,1.0,-9999.0,1.0,-9999.0,1.0,-9999.0,1.0,-9999.0,1.0,0.886547,1.0,72.0904,1.0,636.733,1.0,-9999.0,1.0,0.0,1.0,19.1189,1.0,0.825615,1.0
2019-01-12 00:00:00,28,15.0,1.0,-9999.0,1.0,-9999.0,1.0,2.5406,1.0,13.1922,1.0,15.7328,1.0,-9999.0,1.0,-9999.0,1.0,-9999.0,1.0,-9999.0,1.0,329.01,1.0,72.4653,1.0,636.449,1.0,-9999.0,1.0,0.0,1.0,18.8974,1.0,1.14431,1.0
2019-01-12 01:00:00,28,14.0,1.0,-9999.0,1.0,-9999.0,1.0,1.6603,1.0,12.1891,1.0,13.8494,1.0,-9999.0,1.0,-9999.0,1.0,-9999.0,1.0,-9999.0,1.0,359.043,1.0,74.4074,1.0,636.165,1.0,-9999.0,1.0,0.0,1.0,18.5224,1.0,0.80778,1.0
2019-01-12 02:00:00,28,16.0,1.0,-9999.0,1.0,-9999.0,1.0,0.8382,1.0,11.5586,1.0,12.3968,1.0,-9999.0,1.0,-9999.0,1.0,-9999.0,1.0,-9999.0,1.0,4.965,1.0,75.9744,1.0,635.762,1.0,-9999.0,1.0,0.0,1.0,18.3836,1.0,0.688571,1.0
2019-01-12 03:00:00,28,17.0,1.0,-9999.0,1.0,-9999.0,1.0,1.646,1.0,12.8838,1.0,14.5298,1.0,-9999.0,1.0,-9999.0,1.0,-9999.0,1.0,-9999.0,1.0,341.341,1.0,76.6379,1.0,635.372,1.0,-9999.0,1.0,0.0,1.0,18.1843,1.0,0.976393,1.0
2019-01-12 04:00:00,28,15.0,1.0,-9999.0,1.0,-9999.0,1.0,0.6522,1.0,10.246,1.0,10.8982,1.0,-9999.0,1.0,-9999.0,1.0,-9999.0,1.0,-9999.0,1.0,350.846,1.0,76.0117,1.0,635.486,1.0,-9999.0,1.0,0.0,1.0,18.1622,1.0,0.706669,1.0
2019-01-12 05:00:00,28,13.0,1.0,-9999.0,1.0,-9999.0,1.0,0.4466,1.0,7.8339,1.0,8.2805,1.0,-9999.0,1.0,-9999.0,1.0,-9999.0,1.0,-9999.0,1.0,343.869,1.0,71.0922,1.0,635.768,1.0,-9999.0,1.0,0.0,1.0,18.1797,1.0,1.48564,1.0
2019-01-12 06:00:00,28,30.0,1.0,-9999.0,1.0,-9999.0,1.0,2.4813,1.0,11.9038,1.0,14.3852,1.0,-9999.0,1.0,-9999.0,1.0,-9999.0,1.0,-9999.0,1.0,350.614,1.0,70.2618,1.0,636.286,1.0,-9999.0,1.0,0.0,1.0,18.0475,1.0,0.976119,1.0
2019-01-12 07:00:00,28,17.0,1.0,-9999.0,1.0,-9999.0,1.0,7.0996,1.0,17.5676,1.0,24.6673,1.0,-9999.0,1.0,-9999.0,1.0,-9999.0,1.0,-9999.0,1.0,357.548,1.0,71.6083,1.0,636.578,1.0,-9999.0,1.0,2.64444,1.0,17.9497,1.0,1.12553,1.0
2019-01-12 08:00:00,28,21.0,1.0,-9999.0,1.0,-9999.0,1.0,17.9752,1.0,19.826,1.0,37.8012,1.0,-9999.0,1.0,-9999.0,1.0,-9999.0,1.0,-9999.0,1.0,337.345,1.0,72.251,1.0,637.295,1.0,-9999.0,1.0,31.6083,1.0,18.1193,1.0,1.0388,1.0
2019-01-12 09:00:00,28,22.0,1.0,-9999.0,1.0,-9999.0,1.0,14.647,1.0,16.6773,1.0,31.3243,1.0,-9999.0,1.0,-9999.0,1.0,-9999.0,1.0,-9999.0,1.0,339.628,1.0,68.9474,1.0,637.764,1.0,-9999.0,1.0,115.169,1.0,18.8531,1.0,1.68646,1.0
2019-01-12 10:00:00,28,18.0,1.0,-9999.0,1.0,-9999.0,1.0,14.3511,1.0,16.9652,1.0,31.3163,1.0,-9999.0,1.0,-9999.0,1.0,-9999.0,1.0,-9999.0,1.0,20.1433,1.0,61.8008,1.0,637.669,1.0,-9999.0,1.0,315.233,1.0,20.5149,1.0,1.25795,1.0
2019-01-12 11:00:00,28,20.0,1.0,-9999.0,1.0,-9999.0,1.0,10.8392,1.0,22.6963,1.0,33.5356,1.0,-9999.0,1.0,-9999.0,1.0,-9999.0,1.0,-9999.0,1.0,59.4734,1.0,53.0218,1.0,637.183,1.0,-9999.0,1.0,573.85,1.0,22.941,1.0,0.644738,1.0
2019-01-12 12:00:00,28,22.0,1.0,-9999.0,1.0,-9999.0,1.0,7.1656,1.0,20.7454,1.0,27.9109,1.0,-9999.0,1.0,-9999.0,1.0,-9999.0,1.0,-9999.0,1.0,355.458,1.0,48.341,1.0,636.386,1.0,-9999.0,1.0,674.022,1.0,23.9893,1.0,1.17515,1.0
2019-01-12 13:00:00,28,18.0,1.0,-9999.0,1.0,-9999.0,1.0,3.3349,1.0,15.6182,1.0,18.9531,1.0,-9999.0,1.0,-9999.0,1.0,-9999.0,1.0,-9999.0,1.0,329.47,1.0,44.8982,1.0,635.709,1.0,-9999.0,1.0,577.864,1.0,24.7279,1.0,1.85494,1.0
2019-01-12 14:00:00,28,12.0,1.0,-9999.0,1.0,-9999.0,1.0,1.4051,1.0,8.7498,1.0,10.1549,1.0,-9999.0,1.0,-9999.0,1.0,-9999.0,1.0,-9999.0,1.0,333.804,1.0,40.8489,1.0,634.884,1.0,-9999.0,1.0,580.908,1.0,25.9392,1.0,1.3389,1.0
2019-01-12 15:00:00,28,13.0,1.0,-9999.0,1.0,-9999.0,1.0,1.8153,1.0,9.9623,1.0,11.7776,1.0,-9999.0,1.0,-9999.0,1.0,-9999.0,1.0,-9999.0,1.0,335.305,1.0,42.5704,1.0,634.389,1.0,-9999.0,1.0,331.194,1.0,25.3785,1.0,2.38199,1.0
2019-01-12 16:00:00,28,14.0,1.0,-9999.0,1.0,-9999.0,1.0,2.4269,1.0,8.6588,1.0,11.0858,1.0,-9999.0,1.0,-9999.0,1.0,-9999.0,1.0,-9999.0,1.0,326.24,1.0,42.0408,1.0,634.122,1.0,-9999.0,1.0,355.847,1.0,25.85,1.0,2.75777,1.0
2019-01-12 17:00:00,28,24.0,1.0,-9999.0,1.0,-9999.0,1.0,4.5507,1.0,10.8106,1.0,15.3613,1.0,-9999.0,1.0,-9999.0,1.0,-9999.0,1.0,-9999.0,1.0,318.933,1.0,46.2875,1.0,634.123,1.0,-9999.0,1.0,139.078,1.0,25.0621,1.0,3.1712,1.0
2019-01-12 18:00:00,28,20.0,1.0,-9999.0,1.0,-9999.0,1.0,5.7537,1.0,14.0741,1.0,19.8278,1.0,-9999.0,1.0,-9999.0,1.0,-9999.0,1.0,-9999.0,1.0,309.387,1.0,54.4056,1.0,634.379,1.0,-9999.0,1.0,11.725,1.0,22.8842,1.0,3.89022,1.0
2019-01-12 19:00:00,28,19.0,1.0,-9999.0,1.0,-9999.0,1.0,6.7037,1.0,15.3486,1.0,22.0523,1.0,-9999.0,1.0,-9999.0,1.0,-9999.0,1.0,-9999.0,1.0,305.922,1.0,59.6447,1.0,635.083,1.0,-9999.0,1.0,0.119444,1.0,21.5901,1.0,3.34127,1.0
2019-01-12 20:00:00,28,20.0,1.0,-9999.0,1.0,-9999.0,1.0,3.7953,1.0,13.875,1.0,17.6704,1.0,-9999.0,1.0,-9999.0,1.0,-9999.0,1.0,-9999.0,1.0,312.88,1.0,63.0931,1.0,635.891,1.0,-9999.0,1.0,0.0,1.0,20.9786,1.0,2.9631,1.0
2019-01-12 21:00:00,28,16.0,1.0,-9999.0,1.0,-9999.0,1.0,4.5865,1.0,17.1118,1.0,21.6983,1.0,-9999.0,1.0,-9999.0,1.0,-9999.0,1.0,-9999.0,1.0,318.118,1.0,65.3797,1.0,636.614,1.0,-9999.0,1.0,0.0,1.0,20.6715,1.0,2.37342,1.0
2019-01-12 22:00:00,28,18.0,1.0,-9999.0,1.0,-9999.0,1.0,3.1948,1.0,15.9583,1.0,19.1531,1.0,-9999.0,1.0,-9999.0,1.0,-9999.0,1.0,-9999.0,1.0,340.673,1.0,69.4447,1.0,636.914,1.0,-9999.0,1.0,0.0,1.0,20.1332,1.0,1.57492,1.0
2019-01-12 23:00:00,28,20.0,1.0,-9999.0,1.0,-9999.0,1.0,3.3166,1.0,16.3282,1.0,19.6448,1.0,-9999.0,1.0,-9999.0,1.0,-9999.0,1.0,-9999.0,1.0,335.261,1.0,72.7593,1.0,636.997,1.0,-9999.0,1.0,0.0,1.0,19.426,1.0,1.61467,1.0
2019-01-13 00:00:00,28,16.0,1.0,-9999.0,1.0,-9999.0,1.0,2.0953,1.0,12.8881,1.0,14.9835,1.0,-9999.0,1.0,-9999.0,1.0,-9999.0,1.0,-9999.0,1.0,328.562,1.0,74.1155,1.0,636.948,1.0,-9999.0,1.0,0.0,1.0,19.0419,1.0,1.4513,1.0
2019-01-13 01:00:00,28,16.0,1.0,-9999.0,1.0,-9999.0,1.0,2.2499,1.0,13.6374,1.0,15.8873,1.0,-9999.0,1.0,-9999.0,1.0,-9999.0,1.0,-9999.0,1.0,330.24,1.0,75.1911,1.0,636.602,1.0,-9999.0,1.0,0.0,1.0,18.8225,1.0,1.4339,1.0
2019-01-13 02:00:00,28,15.0,1.0,-9999.0,1.0,-9999.0,1.0,1.3145,1.0,11.0291,1.0,12.3436,1.0,-9999.0,1.0,-9999.0,1.0,-9999.0,1.0,-9999.0,1.0,338.297,1.0,75.7022,1.0,636.054,1.0,-9999.0,1.0,0.0,1.0,18.5815,1.0,1.54111,1.0
2019-01-13 03:00:00,28,21.0,1.0,-9999.0,1.0,-9999.0,1.0,0.6573,1.0,10.007,1.0,10.6642,1.0,-9999.0,1.0,-9999.0,1.0,-9999.0,1.0,-9999.0,1.0,338.652,1.0,75.4825,1.0,635.627,1.0,-9999.0,1.0,0.0,1.0,18.5875,1.0,1.10169,1.0
2019-01-13 04:00:00,28,17.0,1.0,-9999.0,1.0,-9999.0,1.0,0.9142,1.0,9.2278,1.0,10.142,1.0,-9999.0,1.0,-9999.0,1.0,-9999.0,1.0,-9999.0,1.0,346.393,1.0,75.3742,1.0,635.305,1.0,-9999.0,1.0,0.0,1.0,18.4525,1.0,1.35069,1.0
2019-01-13 05:00:00,28,17.0,1.0,-9999.0,1.0,-9999.0,1.0,0.7645,1.0,11.4984,1.0,12.2629,1.0,-9999.0,1.0,-9999.0,1.0,-9999.0,1.0,-9999.0,1.0,349.01,1.0,75.4525,1.0,635.495,1.0,-9999.0,1.0,0.0,1.0,18.3664,1.0,0.71671,1.0
2019-01-13 06:00:00,28,14.0,1.0,-9999.0,1.0,-9999.0,1.0,1.3521,1.0,12.5484,1.0,13.9005,1.0,-9999.0,1.0,-9999.0,1.0,-9999.0,1.0,-9999.0,1.0,333.095,1.0,74.8744,1.0,635.884,1.0,-9999.0,1.0,0.0,1.0,18.3939,1.0,0.654514,1.0
2019-01-13 07:00:00,28,18.0,1.0,-9999.0,1.0,-9999.0,1.0,2.2719,2.1,13.326,1.0,15.5979,1.0,-9999.0,1.0,-9999.0,1.0,-9999.0,1.0,-9999.0,1.0,335.317,1.0,74.3708,1.0,636.188,1.0,-9999.0,1.0,7.26111,1.0,18.3876,1.0,0.642547,1.0
2019-01-13 08:00:00,28,19.0,1.0,-9999.0,1.0,-9999.0,1.0,9.8221,2.2,14.9248,1.0,24.7469,1.0,-9999.0,1.0,-9999.0,1.0,-9999.0,1.0,-9999.0,1.0,341.048,1.0,72.95,1.0,636.707,1.0,-9999.0,1.0,60.0333,1.0,18.8458,1.0,1.00665,1.0
2019-01-13 09:00:00,28,20.0,1.0,-9999.0,1.0,-9999.0,1.0,5.4942,2.2,11.9767,1.0,17.4709,1.0,-9999.0,1.0,-9999.0,1.0,-9999.0,1.0,-9999.0,1.0,324.876,1.0,70.4744,1.0,637.126,1.0,-9999.0,1.0,74.9722,1.0,19.0963,1.0,1.72162,1.0
2019-01-13 10:00:00,28,20.0,1.0,-9999.0,1.0,-9999.0,1.0,6.2103,2.2,14.0948,1.0,20.3052,1.0,-9999.0,1.0,-9999.0,1.0,-9999.0,1.0,-9999.0,1.0,12.5149,1.0,64.4672,1.0,637.125,1.0,-9999.0,1.0,120.247,1.0,20.2826,1.0,0.587723,1.0
2019-01-13 11:00:00,28,15.0,1.0,-9999.0,1.0,-9999.0,1.0,5.2543,2.2,12.0339,1.0,17.2883,1.0,-9999.0,1.0,-9999.0,1.0,-9999.0,1.0,-9999.0,1.0,323.373,1.0,56.7133,1.0,636.999,1.0,-9999.0,1.0,418.381,1.0,21.9768,1.0,0.623446,1.0
2019-01-13 12:00:00,28,20.0,1.0,-9999.0,1.0,-9999.0,1.0,3.1964,1.0,10.6186,1.0,13.8149,1.0,-9999.0,1.0,-9999.0,1.0,-9999.0,1.0,-9999.0,1.0,350.428,1.0,48.1124,1.0,636.451,1.0,-9999.0,1.0,584.761,1.0,23.8208,1.0,1.1521,1.0
2019-01-13 13:00:00,28,16.0,1.0,-9999.0,1.0,-9999.0,1.0,1.9785,1.0,11.6199,1.0,13.5984,1.0,-9999.0,1.0,-9999.0,1.0,-9999.0,1.0,-9999.0,1.0,71.4595,1.0,45.2114,1.0,635.948,1.0,-9999.0,1.0,291.664,1.0,24.3183,1.0,0.882908,1.0
2019-01-13 14:00:00,28,20.0,1.0,-9999.0,1.0,-9999.0,1.0,1.474,1.0,7.9515,1.0,9.4254,1.0,-9999.0,1.0,-9999.0,1.0,-9999.0,1.0,-9999.0,1.0,357.285,1.0,40.6333,1.0,635.155,1.0,-9999.0,1.0,618.208,1.0,26.0244,1.0,0.667891,1.0
2019-01-13 15:00:00,28,10.0,1.0,-9999.0,1.0,-9999.0,1.0,1.2196,1.0,6.7139,1.0,7.9335,1.0,-9999.0,1.0,-9999.0,1.0,-9999.0,1.0,-9999.0,1.0,325.507,1.0,38.9774,1.0,634.484,1.0,-9999.0,1.0,528.469,1.0,26.2974,1.0,2.29312,1.0
2019-01-13 16:00:00,28,19.0,1.0,-9999.0,1.0,-9999.0,1.0,1.56,1.0,6.8059,1.0,8.3659,1.0,-9999.0,1.0,-9999.0,1.0,-9999.0,1.0,-9999.0,1.0,347.852,1.0,40.1932,1.0,634.127,1.0,-9999.0,1.0,203.939,1.0,25.8318,1.0,2.11437,1.0
2019-01-13 17:00:00,28,17.0,1.0,-9999.0,1.0,-9999.0,1.0,2.1602,1.0,8.4736,1.0,10.6338,1.0,-9999.0,1.0,-9999.0,1.0,-9999.0,1.0,-9999.0,1.0,322.746,1.0,42.995,1.0,634.125,1.0,-9999.0,1.0,113.458,1.0,25.0521,1.0,2.3767,1.0
2019-01-13 18:00:00,28,22.0,1.0,-9999.0,1.0,-9999.0,1.0,1.9773,1.0,10.9901,1.0,12.9674,1.0,-9999.0,1.0,-9999.0,1.0,-9999.0,1.0,-9999.0,1.0,307.635,1.0,45.8118,1.0,634.247,1.0,-9999.0,1.0,11.1083,1.0,23.8393,1.0,2.85501,1.0
2019-01-13 19:00:00,28,21.0,1.0,-9999.0,1.0,-9999.0,1.0,1.507,1.0,11.0295,1.0,12.5365,1.0,-9999.0,1.0,-9999.0,1.0,-9999.0,1.0,-9999.0,1.0,313.634,1.0,55.2365,1.0,634.903,1.0,-9999.0,1.0,0.0,1.0,22.4735,1.0,3.8567,1.0
2019-01-13 20:00:00,28,19.0,1.0,-9999.0,1.0,-9999.0,1.0,1.2037,1.0,9.9792,1.0,11.1828,1.0,-9999.0,1.0,-9999.0,1.0,-9999.0,1.0,-9999.0,1.0,315.753,1.0,62.5082,1.0,635.576,1.0,-9999.0,1.0,0.0,1.0,21.345,1.0,3.45859,1.0
2019-01-13 21:00:00,28,18.0,1.0,-9999.0,1.0,-9999.0,1.0,2.2239,1.0,14.0447,1.0,16.2686,1.0,-9999.0,1.0,-9999.0,1.0,-9999.0,1.0,-9999.0,1.0,320.292,1.0,66.0886,1.0,636.301,1.0,-9999.0,1.0,0.0,1.0,20.8443,1.0,1.8459,1.0
2019-01-13 22:00:00,28,22.0,1.0,-9999.0,1.0,-9999.0,1.0,1.8395,1.0,15.6295,1.0,17.4689,1.0,-9999.0,1.0,-9999.0,1.0,-9999.0,1.0,-9999.0,1.0,347.029,1.0,67.6486,1.0,636.618,1.0,-9999.0,1.0,0.0,1.0,20.3567,1.0,1.6191,1.0
2019-01-13 23:00:00,28,21.0,1.0,-9999.0,1.0,-9999.0,1.0,1.745,1.0,15.5606,1.0,17.3055,1.0,-9999.0,1.0,-9999.0,1.0,-9999.0,1.0,-9999.0,1.0,347.348,1.0,68.0621,1.0,636.727,1.0,-9999.0,1.0,0.0,1.0,20.0504,1.0,1.14298,1.0
2019-01-14 00:00:00,28,13.0,1.0,-9999.0,1.0,-9999.0,1.0,0.2786,1.0,10.269,1.0,10.5476,1.0,-9999.0,1.0,-9999.0,1.0,-9999.0,1.0,-9999.0,1.0,349.24,1.0,68.0969,1.0,636.739,1.0,-9999.0,1.0,0.0,1.0,19.6497,1.0,1.21502,1.0
2019-01-14 01:00:00,28,16.0,1.0,-9999.0,1.0,-9999.0,1.0,0.1805,1.0,10.0355,1.0,10.216,1.0,-9999.0,1.0,-9999.0,1.0,-9999.0,1.0,-9999.0,1.0,0.0506664,1.0,74.9269,1.0,636.403,1.0,-9999.0,1.0,0.0,1.0,18.473,1.0,0.150917,1.0
2019-01-14 02:00:00,28,16.0,1.0,-9999.0,1.0,-9999.0,1.0,0.8517,1.0,16.14,1.0,16.9917,1.0,-9999.0,1.0,-9999.0,1.0,-9999.0,1.0,-9999.0,1.0,162.57,1.0,78.5826,1.0,636.007,1.0,-9999.0,1.0,0.0,1.0,18.2303,1.0,0.197325,1.0
2019-01-14 03:00:00,28,19.0,1.0,-9999.0,1.0,-9999.0,1.0,0.6275,1.0,14.8612,1.0,15.4887,1.0,-9999.0,1.0,-9999.0,1.0,-9999.0,1.0,-9999.0,1.0,349.651,1.0,76.3724,1.0,635.353,1.0,-9999.0,1.0,0.0,1.0,18.3849,1.0,0.233577,1.0
2019-01-14 04:00:00,28,16.0,1.0,-9999.0,1.0,-9999.0,1.0,0.4682,1.0,13.222,1.0,13.6902,1.0,-9999.0,1.0,-9999.0,1.0,-9999.0,1.0,-9999.0,1.0,333.471,1.0,73.216,1.0,635.407,1.0,-9999.0,1.0,0.0,1.0,18.2946,1.0,0.808092,1.0
2019-01-14 05:00:00,28,14.0,1.0,-9999.0,1.0,-9999.0,1.0,0.6773,1.0,12.0752,1.0,12.7525,1.0,-9999.0,1.0,-9999.0,1.0,-9999.0,1.0,-9999.0,1.0,339.051,1.0,72.4911,1.0,635.625,1.0,-9999.0,1.0,0.0,1.0,18.1925,1.0,0.686302,1.0
2019-01-14 06:00:00,28,21.0,1.0,-9999.0,1.0,-9999.0,1.0,10.4348,1.0,18.9188,1.0,29.3536,1.0,-9999.0,1.0,-9999.0,1.0,-9999.0,1.0,-9999.0,1.0,20.9335,1.0,73.0113,1.0,635.859,1.0,-9999.0,1.0,0.0,1.0,18.1435,1.0,0.392336,1.0
2019-01-14 07:00:00,28,28.0,1.0,-9999.0,1.0,-9999.0,1.0,34.0706,1.0,18.4785,1.0,52.5491,1.0,-9999.0,1.0,-9999.0,1.0,-9999.0,1.0,-9999.0,1.0,274.464,1.0,73.1704,1.0,636.312,1.0,-9999.0,1.0,4.41945,1.0,18.1446,1.0,0.0729175,1.0
2019-01-14 08:00:00,28,20.0,1.0,-9999.0,1.0,-9999.0,1.0,29.6459,1.0,20.3434,1.0,49.9893,1.0,-9999.0,1.0,-9999.0,1.0,-9999.0,1.0,-9999.0,1.0,327.532,1.0,68.5706,1.0,636.852,1.0,-9999.0,1.0,39.0861,1.0,18.6986,1.0,0.592478,1.0
2019-01-14 09:00:00,28,23.0,1.0,-9999.0,1.0,-9999.0,1.0,23.9616,1.0,22.3828,1.0,46.3444,1.0,-9999.0,1.0,-9999.0,1.0,-9999.0,1.0,-9999.0,1.0,344.646,1.0,62.4174,1.0,637.125,1.0,-9999.0,1.0,122.947,1.0,19.9783,1.0,0.403825,1.0
2019-01-14 10:00:00,28,20.0,1.0,-9999.0,1.0,-9999.0,1.0,13.1357,1.0,21.0517,1.0,34.1873,1.0,-9999.0,1.0,-9999.0,1.0,-9999.0,1.0,-9999.0,1.0,350.801,1.0,55.4764,1.0,637.067,1.0,-9999.0,1.0,160.706,1.0,20.8412,1.0,0.331505,1.0
2019-01-14 11:00:00,28,17.0,1.0,-9999.0,1.0,-9999.0,1.0,8.0252,1.0,20.4451,1.0,28.4703,1.0,-9999.0,1.0,-9999.0,1.0,-9999.0,1.0,-9999.0,1.0,33.1635,1.0,50.0701,1.0,636.724,1.0,-9999.0,1.0,237.675,1.0,22.3015,1.0,0.181467,1.0
2019-01-14 12:00:00,28,25.0,1.0,-9999.0,1.0,-9999.0,1.0,7.0614,1.0,25.9811,1.0,33.0425,1.0,-9999.0,1.0,-9999.0,1.0,-9999.0,1.0,-9999.0,1.0,13.1347,1.0,46.0165,1.0,636.167,1.0,-9999.0,1.0,370.294,1.0,24.0281,1.0,0.141985,1.0
2019-01-14 13:00:00,28,32.0,1.0,-9999.0,1.0,-9999.0,1.0,4.2314,1.0,33.2413,1.0,37.4728,2.3,-9999.0,1.0,-9999.0,1.0,-9999.0,1.0,-9999.0,1.0,120.291,1.0,45.6842,1.0,635.471,1.0,-9999.0,1.0,149.319,1.0,24.2289,1.0,0.226923,1.0
2019-01-14 14:00:00,28,985.0,3.1,-9999.0,1.0,-9999.0,1.0,2.2267,1.0,23.5987,1.0,25.8253,1.0,-9999.0,1.0,-9999.0,1.0,-9999.0,1.0,-9999.0,1.0,296.49,1.0,45.2293,1.0,634.76,1.0,-9999.0,1.0,148.061,1.0,24.3521,1.0,0.379168,1.0
2019-01-14 15:00:00,28,0.0,3.1,-9999.0,1.0,-9999.0,1.0,2.4578,1.0,19.3395,1.0,21.7973,1.0,-9999.0,1.0,-9999.0,1.0,-9999.0,1.0,-9999.0,1.0,295.481,1.0,44.5351,1.0,634.155,1.0,-9999.0,1.0,98.1195,1.0,24.4678,1.0,0.81553,1.0
2019-01-14 16:00:00,28,0.0,3.1,-9999.0,1.0,-9999.0,1.0,7.1819,1.0,28.4963,1.0,35.6782,1.0,-9999.0,1.0,-9999.0,1.0,-9999.0,1.0,-9999.0,1.0,286.194,1.0,56.5794,1.0,634.261,1.0,-9999.0,1.0,50.6417,1.0,22.7224,1.0,1.06994,1.0
2019-01-14 17:00:00,28,5.0,3.1,-9999.0,1.0,-9999.0,1.0,8.5575,1.0,20.7827,1.0,29.3402,1.0,-9999.0,1.0,-9999.0,1.0,-9999.0,1.0,-9999.0,1.0,307.678,1.0,59.5483,1.0,634.5,1.0,-9999.0,1.0,45.9167,1.0,21.7692,1.0,1.24373,1.0
2019-01-14 18:00:00,28,6.0,3.1,-9999.0,1.0,-9999.0,1.0,15.1431,1.0,29.7497,1.0,44.8928,1.0,-9999.0,1.0,-9999.0,1.0,-9999.0,1.0,-9999.0,1.0,335.139,1.0,57.8981,1.0,634.723,1.0,-9999.0,1.0,30.4611,1.0,21.3721,1.0,1.88247,1.0
2019-01-14 19:00:00,28,3.0,3.1,-9999.0,1.0,-9999.0,1.0,15.2894,1.0,31.4029,1.0,46.6923,1.0,-9999.0,1.0,-9999.0,1.0,-9999.0,1.0,-9999.0,1.0,345.646,1.0,58.0372,1.0,635.209,1.0,-9999.0,1.0,0.197222,1.0,20.8492,1.0,0.935954,1.0
2019-01-14 20:00:00,28,3.0,3.1,-9999.0,1.0,-9999.0,1.0,8.6217,1.0,27.1935,1.0,35.8152,1.0,-9999.0,1.0,-9999.0,1.0,-9999.0,1.0,-9999.0,1.0,335.927,1.0,62.7707,1.0,635.607,1.0,-9999.0,1.0,0.0,1.0,20.2217,1.0,1.62095,1.0
2019-01-14 21:00:00,28,4.0,3.1,-9999.0,1.0,-9999.0,1.0,9.1538,1.0,26.4151,1.0,35.5688,1.0,-9999.0,1.0,-9999.0,1.0,-9999.0,1.0,-9999.0,1.0,315.877,1.0,66.5058,1.0,636.186,1.0,-9999.0,1.0,0.0,1.0,19.6722,1.0,0.955693,1.0
2019-01-14 22:00:00,28,3.0,3.1,-9999.0,1.0,-9999.0,1.0,19.9257,1.0,24.6316,1.0,44.5573,1.0,-9999.0,1.0,-9999.0,1.0,-9999.0,1.0,-9999.0,1.0,306.288,1.0,70.2136,1.0,636.393,1.0,-9999.0,1.0,0.0,1.0,19.0513,1.0,0.213001,1.0
2019-01-14 23:00:00,28,2.0,3.1,-9999.0,1.0,-9999.0,1.0,38.3733,2.3,21.4882,1.0,59.8615,2.3,-9999.0,1.0,-9999.0,1.0,-9999.0,1.0,-9999.0,1.0,228.58,1.0,74.3628,1.0,636.676,1.0,-9999.0,1.0,0.0,1.0,18.0896,1.0,0.121873,1.0
2019-01-15 00:00:00,28,1.0,3.1,-9999.0,1.0,-9999.0,1.0,35.1047,2.3,22.4375,2.3,57.5422,2.3,-9999.0,1.0,-9999.0,1.0,-9999.0,1.0,-9999.0,1.0,88.6404,1.0,71.9899,1.0,636.524,1.0,-9999.0,1.0,0.0,1.0,18.6085,1.0,0.244743,1.0
2019-01-15 01:00:00,28,1.0,3.1,-9999.0,1.0,-9999.0,1.0,28.5909,1.0,20.3034,1.0,48.8942,1.0,-9999.0,1.0,-9999.0,1.0,-9999.0,1.0,-9999.0,1.0,189.986,1.0,73.0614,1.0,636.312,1.0,-9999.0,1.0,0.0,1.0,18.3743,1.0,0.121451,1.0
2019-01-15 02:00:00,28,1.0,3.1,-9999.0,1.0,-9999.0,1.0,29.5423,2.3,19.0879,1.0,48.6302,2.3,-9999.0,1.0,-9999.0,1.0,-9999.0,1.0,-9999.0,1.0,236.737,1.0,75.5168,1.0,635.839,1.0,-9999.0,1.0,0.0,1.0,18.0875,1.0,0.178227,1.0
2019-01-15 03:00:00,28,4.0,3.1,-9999.0,1.0,-9999.0,1.0,21.9913,2.3,17.3622,1.0,39.3535,2.3,-9999.0,1.0,-9999.0,1.0,-9999.0,1.0,-9999.0,1.0,232.079,1.0,77.1517,1.0,635.277,1.0,-9999.0,1.0,0.0,1.0,17.7358,1.0,0.0671042,1.0
2019-01-15 04:00:00,28,3.0,3.1,-9999.0,1.0,-9999.0,1.0,19.3935,2.3,16.2959,1.0,35.6895,2.3,-9999.0,1.0,-9999.0,1.0,-9999.0,1.0,-9999.0,1.0,245.591,1.0,77.5257,1.0,635.302,1.0,-9999.0,1.0,0.0,1.0,17.6921,1.0,0.121939,1.0
2019-01-15 05:00:00,28,2.0,3.1,-9999.0,1.0,-9999.0,1.0,20.1467,2.3,16.1995,1.0,36.3461,1.0,-9999.0,1.0,-9999.0,1.0,-9999.0,1.0,-9999.0,1.0,249.148,1.0,78.1478,1.0,635.519,1.0,-9999.0,1.0,0.0,1.0,17.504,1.0,0.118662,1.0
2019-01-15 06:00:00,28,4.0,3.1,-9999.0,1.0,-9999.0,1.0,31.7995,2.3,16.4232,1.0,48.2227,1.0,-9999.0,1.0,-9999.0,1.0,-9999.0,1.0,-9999.0,1.0,235.197,1.0,78.4132,1.0,635.659,1.0,-9999.0,1.0,0.0,1.0,17.4089,1.0,0.182517,1.0
2019-01-15 07:00:00,28,5.0,3.1,-9999.0,1.0,-9999.0,1.0,58.7665,1.0,17.268,1.0,76.0346,1.0,-9999.0,1.0,-9999.0,1.0,-9999.0,1.0,-9999.0,1.0,223.237,1.0,79.3517,1.0,636.037,1.0,-9999.0,1.0,4.09167,1.0,17.0201,1.0,0.176441,1.0
2019-01-15 08:00:00,28,1.0,3.1,-9999.0,1.0,-9999.0,1.0,90.0271,2.3,26.7342,1.0,116.761,2.3,-9999.0,1.0,-9999.0,1.0,-9999.0,1.0,-9999.0,1.0,188.096,1.0,73.6047,1.0,636.453,1.0,-9999.0,1.0,44.8611,1.0,18.3687,1.0,0.0331586,1.0
2019-01-15 09:00:00,28,1.0,3.1,-9999.0,1.0,-9999.0,1.0,46.2885,1.0,29.177,1.0,75.4655,1.0,-9999.0,1.0,-9999.0,1.0,-9999.0,1.0,-9999.0,1.0,325.881,1.0,66.9949,1.0,636.842,1.0,-9999.0,1.0,94.2167,1.0,19.5043,1.0,0.331809,1.0
2019-01-15 10:00:00,28,3.0,3.1,-9999.0,1.0,-9999.0,1.0,22.0963,1.0,29.026,1.0,51.1223,1.0,-9999.0,1.0,-9999.0,1.0,-9999.0,1.0,-9999.0,1.0,20.1896,1.0,57.1417,1.0,636.745,1.0,-9999.0,1.0,334.361,1.0,21.2518,1.0,1.18699,1.0
2019-01-15 11:00:00,28,1.0,3.1,-9999.0,1.0,-9999.0,1.0,15.184,1.0,37.2222,1.0,52.4061,1.0,-9999.0,1.0,-9999.0,1.0,-9999.0,1.0,-9999.0,1.0,356.598,1.0,51.6239,1.0,636.369,1.0,-9999.0,1.0,449.775,1.0,23.0192,1.0,1.10656,1.0
2019-01-15 12:00:00,28,0.0,3.1,-9999.0,1.0,-9999.0,1.0,7.2786,1.0,24.37,1.0,31.6486,1.0,-9999.0,1.0,-9999.0,1.0,-9999.0,1.0,-9999.0,1.0,331.41,1.0,45.4649,1.0,635.775,1.0,-9999.0,1.0,428.592,1.0,24.3767,1.0,1.60437,1.0
2019-01-15 13:00:00,28,0.0,3.1,-9999.0,1.0,-9999.0,1.0,2.5871,1.0,13.7419,1.0,16.329,1.0,-9999.0,1.0,-9999.0,1.0,-9999.0,1.0,-9999.0,1.0,339.685,1.0,40.5439,1.0,635.14,1.0,-9999.0,1.0,660.006,1.0,26.105,1.0,1.60007,1.0
2019-01-15 14:00:00,28,0.0,3.1,-9999.0,1.0,-9999.0,1.0,1.7644,1.0,14.2173,1.0,15.9816,1.0,-9999.0,1.0,-9999.0,1.0,-9999.0,1.0,-9999.0,1.0,323.061,1.0,38.4944,1.0,634.142,1.0,-9999.0,1.0,559.789,1.0,27.1144,1.0,1.26171,1.0
2019-01-15 15:00:00,28,-2.0,3.1,-9999.0,1.0,-9999.0,1.0,1.5607,1.0,13.7786,1.0,15.3392,1.0,-9999.0,1.0,-9999.0,1.0,-9999.0,1.0,-9999.0,1.0,345.49,1.0,37.379,1.0,633.431,1.0,-9999.0,1.0,373.756,1.0,27.6197,1.0,1.3447,1.0
2019-01-15 16:00:00,28,-1.0,3.1,-9999.0,1.0,-9999.0,1.0,2.2085,1.0,13.4034,1.0,15.6118,1.0,-9999.0,1.0,-9999.0,1.0,-9999.0,1.0,-9999.0,1.0,349.135,1.0,36.8774,1.0,633.078,1.0,-9999.0,1.0,311.428,1.0,28.0513,1.0,1.89591,1.0
2019-01-15 17:00:00,28,1.0,3.1,-9999.0,1.0,-9999.0,1.0,3.3761,1.0,16.6088,1.0,19.9849,1.0,-9999.0,1.0,-9999.0,1.0,-9999.0,1.0,-9999.0,1.0,339.151,1.0,38.205,1.0,633.2,1.0,-9999.0,1.0,101.117,1.0,27.475,1.0,1.56825,1.0
2019-01-15 18:00:00,28,2.0,3.1,-9999.0,1.0,-9999.0,1.0,3.0602,1.0,18.2605,1.0,21.3208,1.0,-9999.0,1.0,-9999.0,1.0,-9999.0,1.0,-9999.0,1.0,115.069,1.0,39.2686,1.0,633.724,1.0,-9999.0,1.0,17.3417,1.0,25.9158,1.0,0.917406,1.0
2019-01-15 19:00:00,28,1.0,3.1,-9999.0,1.0,-9999.0,1.0,8.16,1.0,24.7621,1.0,32.9221,1.0,-9999.0,1.0,-9999.0,1.0,-9999.0,1.0,-9999.0,1.0,217.645,1.0,48.2326,1.0,634.293,1.0,-9999.0,1.0,0.938889,1.0,24.3639,1.0,0.610128,1.0
2019-01-15 20:00:00,28,2.0,3.1,-9999.0,1.0,-9999.0,1.0,8.0909,1.0,24.0384,1.0,32.1293,1.0,-9999.0,1.0,-9999.0,1.0,-9999.0,1.0,-9999.0,1.0,304.714,1.0,52.9487,1.0,634.896,1.0,-9999.0,1.0,0.0,1.0,23.4903,1.0,1.74093,1.0
2019-01-15 21:00:00,28,3.0,3.1,-9999.0,1.0,-9999.0,1.0,4.1834,1.0,20.6766,1.0,24.86,1.0,-9999.0,1.0,-9999.0,1.0,-9999.0,1.0,-9999.0,1.0,309.738,1.0,59.6699,1.0,635.459,1.0,-9999.0,1.0,0.0,1.0,22.7247,1.0,2.70028,1.0
2019-01-15 22:00:00,28,1.0,3.1,-9999.0,1.0,-9999.0,1.0,3.2156,1.0,18.9773,1.0,22.1929,1.0,-9999.0,1.0,-9999.0,1.0,-9999.0,1.0,-9999.0,1.0,339.056,1.0,66.8829,1.0,636.006,1.0,-9999.0,1.0,0.0,1.0,21.8936,1.0,1.58215,1.0
2019-01-15 23:00:00,28,0.0,3.1,-9999.0,1.0,-9999.0,1.0,1.8932,1.0,17.8823,1.0,19.7756,1.0,-9999.0,1.0,-9999.0,1.0,-9999.0,1.0,-9999.0,1.0,347.585,1.0,71.3325,1.0,636.007,1.0,-9999.0,1.0,0.0,1.0,21.1592,1.0,1.01878,1.0
2019-01-16 00:00:00,28,1.0,3.1,-9999.0,1.0,-9999.0,1.0,0.4981,1.0,14.2311,1.0,14.7292,1.0,-9999.0,1.0,-9999.0,1.0,-9999.0,1.0,-9999.0,1.0,349.538,1.0,73.4743,1.0,636.047,1.0,-9999.0,1.0,0.0,1.0,20.6604,1.0,0.790492,1.0
2019-01-16 01:00:00,28,1.0,3.1,-9999.0,1.0,-9999.0,1.0,0.0911,1.0,10.6195,1.0,10.7106,1.0,-9999.0,1.0,-9999.0,1.0,-9999.0,1.0,-9999.0,1.0,340.447,1.0,74.6047,1.0,635.939,1.0,-9999.0,1.0,0.0,1.0,20.2233,1.0,1.35195,1.0
2019-01-16 02:00:00,28,1.0,3.1,-9999.0,1.0,-9999.0,1.0,-0.0741,3.0,6.3433,2.6,6.2692,2.6,-9999.0,1.0,-9999.0,1.0,-9999.0,1.0,-9999.0,1.0,336.393,1.0,74.7124,1.0,635.452,1.0,-9999.0,1.0,0.0,1.0,20.0197,1.0,1.17502,1.0
2019-01-16 03:00:00,28,1.0,3.1,-9999.0,1.0,-9999.0,1.0,0.056,2.1,8.5457,1.0,8.6017,1.0,-9999.0,1.0,-9999.0,1.0,-9999.0,1.0,-9999.0,1.0,344.513,1.0,74.2032,1.0,635.25,1.0,-9999.0,1.0,0.0,1.0,19.9247,1.0,1.29868,1.0
2019-01-16 04:00:00,28,1.0,3.1,-9999.0,1.0,-9999.0,1.0,-0.014,3.0,8.0997,2.6,8.0856,2.6,-9999.0,1.0,-9999.0,1.0,-9999.0,1.0,-9999.0,1.0,354.862,1.0,75.8899,1.0,635.229,1.0,-9999.0,1.0,0.0,1.0,19.6092,1.0,1.05894,1.0
2019-01-16 05:00:00,28,2.0,3.1,-9999.0,1.0,-9999.0,1.0,0.1607,2.1,9.6162,1.0,9.7769,1.0,-9999.0,1.0,-9999.0,1.0,-9999.0,1.0,-9999.0,1.0,345.711,1.0,77.825,1.0,635.612,1.0,-9999.0,1.0,0.0,1.0,19.2761,1.0,1.17012,1.0
2019-01-16 06:00:00,28,2.0,3.1,-9999.0,1.0,-9999.0,1.0,2.3053,1.0,13.4864,1.0,15.7917,1.0,-9999.0,1.0,-9999.0,1.0,-9999.0,1.0,-9999.0,1.0,345.231,1.0,74.9053,1.0,635.748,1.0,-9999.0,1.0,0.0,1.0,18.8704,1.0,1.66584,1.0
2019-01-16 07:00:00,28,-1.0,3.1,-9999.0,1.0,-9999.0,1.0,16.363,1.0,29.096,2.1,45.4591,1.0,-9999.0,1.0,-9999.0,1.0,-9999.0,1.0,-9999.0,1.0,0.45284,1.0,73.1731,1.0,636.172,1.0,-9999.0,1.0,3.39167,1.0,18.8215,1.0,0.947848,1.0
2019-01-16 08:00:00,28,-1.0,3.1,-9999.0,1.0,-9999.0,1.0,14.8436,1.0,25.3973,1.0,40.2408,1.0,-9999.0,1.0,-9999.0,1.0,-9999.0,1.0,-9999.0,1.0,347.208,1.0,72.6097,1.0,636.701,1.0,-9999.0,1.0,58.3083,1.0,19.4676,1.0,1.27086,1.0
2019-01-16 09:00:00,28,1.0,3.1,-9999.0,1.0,-9999.0,1.0,18.8955,1.0,28.342,1.0,47.2375,1.0,-9999.0,1.0,-9999.0,1.0,-9999.0,1.0,-9999.0,1.0,13.7473,1.0,67.7335,1.0,636.899,1.0,-9999.0,1.0,156.214,1.0,20.8808,1.0,0.918379,1.0
2019-01-16 10:00:00,28,2.0,3.1,-9999.0,1.0,-9999.0,1.0,21.5658,1.0,40.5439,1.0,62.1097,1.0,-9999.0,1.0,-9999.0,1.0,-9999.0,1.0,-9999.0,1.0,351.944,1.0,64.0746,1.0,637.135,1.0,-9999.0,1.0,132.408,1.0,21.6087,1.0,0.785968,1.0
2019-01-16 11:00:00,28,2.0,3.1,-9999.0,1.0,-9999.0,1.0,12.0449,1.0,25.6924,1.0,37.7373,1.0,-9999.0,1.0,-9999.0,1.0,-9999.0,1.0,-9999.0,1.0,326.588,1.0,60.1121,1.0,637.069,1.0,-9999.0,1.0,183.614,1.0,22.0296,1.0,1.83681,1.0
2019-01-16 12:00:00,28,-2.0,3.1,-9999.0,1.0,-9999.0,1.0,4.8066,1.0,15.1848,1.0,19.9914,1.0,-9999.0,1.0,-9999.0,1.0,-9999.0,1.0,-9999.0,1.0,338.635,1.0,49.5944,1.0,636.547,1.0,-9999.0,1.0,567.428,1.0,24.664,1.0,1.39936,1.0
2019-01-16 13:00:00,28,-2.0,3.1,-9999.0,1.0,-9999.0,1.0,4.0565,1.0,21.4097,1.0,25.4662,1.0,-9999.0,1.0,-9999.0,1.0,-9999.0,1.0,-9999.0,1.0,350.699,1.0,44.4126,1.0,635.951,1.0,-9999.0,1.0,536.858,1.0,26.0678,1.0,1.60044,1.0
2019-01-16 14:00:00,28,1.0,3.1,-9999.0,1.0,-9999.0,1.0,1.9468,1.0,15.7458,1.0,17.6926,1.0,-9999.0,1.0,-9999.0,1.0,-9999.0,1.0,-9999.0,1.0,329.895,1.0,40.2697,1.0,635.09,1.0,-9999.0,1.0,462.144,1.0,27.4099,1.0,0.820749,1.0
2019-01-16 15:00:00,28,1.0,3.1,-9999.0,1.0,-9999.0,1.0,2.2457,1.0,16.1212,1.0,18.367,1.0,-9999.0,1.0,-9999.0,1.0,-9999.0,1.0,-9999.0,1.0,353.906,1.0,37.7872,1.0,634.311,1.0,-9999.0,1.0,256.53,1.0,27.8083,1.0,1.20657,1.0
2019-01-16 16:00:00,28,0.0,3.1,-9999.0,1.0,-9999.0,1.0,2.8104,1.0,12.0912,1.0,14.9016,1.0,-9999.0,1.0,-9999.0,1.0,-9999.0,1.0,-9999.0,1.0,354.059,1.0,37.7996,1.0,634.125,1.0,-9999.0,1.0,153.206,1.0,27.3771,1.0,0.504078,1.0
2019-01-16 17:00:00,28,-1.0,3.1,-9999.0,1.0,-9999.0,1.0,4.4456,1.0,11.2078,1.0,15.6534,1.0,-9999.0,1.0,-9999.0,1.0,-9999.0,1.0,-9999.0,1.0,58.9362,1.0,33.1593,1.0,634.125,1.0,-9999.0,1.0,193.281,1.0,28.5339,1.0,1.38428,1.0
2019-01-16 18:00:00,28,0.0,3.1,-9999.0,1.0,-9999.0,1.0,4.6377,1.0,18.7722,1.0,23.4099,1.0,-9999.0,1.0,-9999.0,1.0,-9999.0,1.0,-9999.0,1.0,91.7675,1.0,33.7186,1.0,634.206,1.0,-9999.0,1.0,23.6111,1.0,26.9554,1.0,1.27864,1.0
2019-01-16 19:00:00,28,1.0,3.1,-9999.0,1.0,-9999.0,1.0,10.2226,1.0,28.6065,1.0,38.8292,1.0,-9999.0,1.0,-9999.0,1.0,-9999.0,1.0,-9999.0,1.0,314.529,1.0,45.2461,1.0,634.819,1.0,-9999.0,1.0,0.347222,1.0,24.8435,1.0,0.588645,1.0
2019-01-16 20:00:00,28,1.0,3.1,-9999.0,1.0,-9999.0,1.0,6.6486,1.0,21.8968,1.0,28.5454,1.0,-9999.0,1.0,-9999.0,1.0,-9999.0,1.0,-9999.0,1.0,313.911,1.0,62.2446,1.0,635.445,1.0,-9999.0,1.0,0.0,1.0,22.8028,1.0,2.54602,1.0
2019-01-16 21:00:00,28,3.0,3.1,-9999.0,1.0,-9999.0,1.0,5.3345,1.0,20.373,1.0,25.7075,1.0,-9999.0,1.0,-9999.0,1.0,-9999.0,1.0,-9999.0,1.0,313.812,1.0,67.3851,1.0,636.261,1.0,-9999.0,1.0,0.0,1.0,21.8389,1.0,1.55461,1.0
2019-01-16 22:00:00,28,2.0,3.1,-9999.0,1.0,-9999.0,1.0,10.3207,1.0,23.8805,1.0,34.2012,1.0,-9999.0,1.0,-9999.0,1.0,-9999.0,1.0,-9999.0,1.0,269.473,1.0,67.5231,1.0,636.743,1.0,-9999.0,1.0,0.0,1.0,21.1818,1.0,0.287906,1.0
2019-01-16 23:00:00,28,0.0,3.1,-9999.0,1.0,-9999.0,1.0,4.5293,1.0,19.8556,1.0,24.3849,1.0,-9999.0,1.0,-9999.0,1.0,-9999.0,1.0,-9999.0,1.0,353.463,1.0,73.1528,1.0,636.753,1.0,-9999.0,1.0,0.0,1.0,20.7135,1.0,0.955343,1.0
2019-01-17 00:00:00,28,-1.0,3.1,-9999.0,1.0,-9999.0,1.0,2.2868,1.0,16.9603,1.0,19.2472,1.0,-9999.0,1.0,-9999.0,1.0,-9999.0,1.0,-9999.0,1.0,340.659,1.0,75.5362,1.0,636.722,1.0,-9999.0,1.0,0.0,1.0,20.1542,1.0,0.43222,1.0
2019-01-17 01:00:00,28,0.0,3.1,-9999.0,1.0,-9999.0,1.0,1.5852,1.0,14.6896,1.0,16.2748,1.0,-9999.0,1.0,-9999.0,1.0,-9999.0,1.0,-9999.0,1.0,320.094,1.0,75.8246,1.0,636.392,1.0,-9999.0,1.0,0.0,1.0,19.9246,1.0,1.07055,1.0
2019-01-17 02:00:00,28,0.0,3.1,-9999.0,1.0,-9999.0,1.0,0.1496,1.0,10.7609,1.0,10.9105,1.0,-9999.0,1.0,-9999.0,1.0,-9999.0,1.0,-9999.0,1.0,320.063,1.0,76.0113,1.0,635.954,1.0,-9999.0,1.0,0.0,1.0,19.7465,1.0,0.621957,1.0
2019-01-17 03:00:00,28,-1.0,3.1,-9999.0,1.0,-9999.0,1.0,0.1961,1.0,11.8996,1.0,12.0957,1.0,-9999.0,1.0,-9999.0,1.0,-9999.0,1.0,-9999.0,1.0,11.7714,1.0,76.7329,1.0,635.365,1.0,-9999.0,1.0,0.0,1.0,19.6831,1.0,0.730479,1.0
2019-01-17 04:00:00,28,0.0,3.1,-9999.0,1.0,-9999.0,1.0,0.1366,1.0,9.1643,1.0,9.3009,1.0,-9999.0,1.0,-9999.0,1.0,-9999.0,1.0,-9999.0,1.0,352.037,1.0,76.1588,1.0,635.25,1.0,-9999.0,1.0,0.0,1.0,19.625,1.0,0.887799,1.0
2019-01-17 05:00:00,28,2.0,3.1,-9999.0,1.0,-9999.0,1.0,0.6815,1.0,11.2057,1.0,11.8871,1.0,-9999.0,1.0,-9999.0,1.0,-9999.0,1.0,-9999.0,1.0,342.752,1.0,76.0653,1.0,635.357,1.0,-9999.0,1.0,0.0,1.0,19.5703,1.0,1.36629,1.0
2019-01-17 06:00:00,28,3.0,3.1,-9999.0,1.0,-9999.0,1.0,4.3336,1.0,16.3681,1.0,20.7017,1.0,-9999.0,1.0,-9999.0,1.0,-9999.0,1.0,-9999.0,1.0,350.526,1.0,75.8906,1.0,635.697,1.0,-9999.0,1.0,0.0,1.0,19.5104,1.0,0.826548,1.0
2019-01-17 07:00:00,28,2.0,3.1,-9999.0,1.0,-9999.0,1.0,14.3164,1.0,23.1562,1.0,37.4726,1.0,-9999.0,1.0,-9999.0,1.0,-9999.0,1.0,-9999.0,1.0,332.258,1.0,75.8925,1.0,636.292,1.0,-9999.0,1.0,2.81111,1.0,19.4765,1.0,1.05606,1.0
2019-01-17 08:00:00,28,0.0,3.1,-9999.0,1.0,-9999.0,1.0,16.5566,1.0,24.3568,1.0,40.9133,1.0,-9999.0,1.0,-9999.0,1.0,-9999.0,1.0,-9999.0,1.0,345.922,1.0,73.9597,1.0,636.906,1.0,-9999.0,1.0,9.70556,1.0,19.7183,1.0,0.611599,1.0
2019-01-17 09:00:00,28,2.0,3.1,-9999.0,1.0,-9999.0,1.0,34.5377,1.0,24.6418,1.0,59.1795,1.0,-9999.0,1.0,-9999.0,1.0,-9999.0,1.0,-9999.0,1.0,232.207,1.0,78.2636,1.0,637.476,1.0,-9999.0,1.0,21.8778,1.0,19.3767,1.0,0.506334,1.0
2019-01-17 10:00:00,28,3.0,3.1,-9999.0,1.0,-9999.0,1.0,47.9184,2.3,30.5332,1.0,78.4515,1.0,-9999.0,1.0,-9999.0,1.0,-9999.0,1.0,-9999.0,1.0,202.289,1.0,78.436,1.0,637.681,1.0,-9999.0,1.0,46.6,1.0,19.7221,1.0,0.359907,1.0
2019-01-17 11:00:00,28,3.0,3.1,-9999.0,1.0,-9999.0,1.0,29.7562,2.3,25.9015,1.0,55.6576,1.0,-9999.0,1.0,-9999.0,1.0,-9999.0,1.0,-9999.0,1.0,307.335,1.0,79.7042,1.0,637.527,1.0,-9999.0,1.0,73.8833,1.0,19.0496,1.0,0.635903,1.0
2019-01-17 12:00:00,28,2.0,3.1,-9999.0,1.0,-9999.0,1.0,5.958,1.0,12.1946,1.0,18.1526,1.0,-9999.0,1.0,-9999.0,1.0,-9999.0,1.0,-9999.0,1.0,335.332,1.0,72.8061,1.0,637.138,1.0,-9999.0,1.0,245.961,1.0,20.1471,1.0,1.68165,1.0
2019-01-17 13:00:00,28,1.0,3.1,-9999.0,1.0,-9999.0,1.0,9.0661,1.0,17.0393,1.0,26.1055,1.0,-9999.0,1.0,-9999.0,1.0,-9999.0,1.0,-9999.0,1.0,352.043,1.0,62.8743,1.0,636.813,1.0,-9999.0,1.0,315.603,1.0,21.765,1.0,1.78405,1.0
2019-01-17 14:00:00,28,-3.0,3.0,-9999.0,1.0,-9999.0,1.0,8.9405,2.3,16.8877,1.0,25.8282,1.0,-9999.0,1.0,-9999.0,1.0,-9999.0,1.0,-9999.0,1.0,0.868406,1.0,53.2294,1.0,635.993,1.0,-9999.0,1.0,366.111,1.0,23.1533,1.0,2.13451,1.0
2019-01-17 15:00:00,28,985.0,4.2985,-9999.0,1.0,-9999.0,1.0,7.5813,2.3,17.2559,1.0,24.8372,1.0,-9999.0,1.0,-9999.0,1.0,-9999.0,1.0,-9999.0,1.0,324.233,1.0,50.2289,1.0,635.238,1.0,-9999.0,1.0,244.242,1.0,23.6906,1.0,1.9284,1.0
2019-01-17 16:00:00,28,17.0,1.0,-9999.0,1.0,-9999.0,1.0,7.1471,1.0,16.8421,1.0,23.9892,1.0,-9999.0,1.0,-9999.0,1.0,-9999.0,1.0,-9999.0,1.0,326.135,1.0,46.8685,1.0,634.788,1.0,-9999.0,1.0,273.678,1.0,24.6957,1.0,1.892,1.0
2019-01-17 17:00:00,28,17.0,1.0,-9999.0,1.0,-9999.0,1.0,7.0577,1.0,19.7948,1.0,26.8525,1.0,-9999.0,1.0,-9999.0,1.0,-9999.0,1.0,-9999.0,1.0,338.848,1.0,49.2969,1.0,634.538,1.0,-9999.0,1.0,114.117,1.0,24.3456,1.0,2.21468,1.0
2019-01-17 18:00:00,28,21.0,1.0,-9999.0,1.0,-9999.0,1.0,10.6377,1.0,25.4593,1.0,36.097,1.0,-9999.0,1.0,-9999.0,1.0,-9999.0,1.0,-9999.0,1.0,312.478,1.0,52.3592,1.0,634.545,1.0,-9999.0,1.0,30.6028,1.0,23.5778,1.0,1.71218,1.0
2019-01-17 19:00:00,28,20.0,1.0,-9999.0,1.0,-9999.0,1.0,13.5849,1.0,28.4704,1.0,42.0553,1.0,-9999.0,1.0,-9999.0,1.0,-9999.0,1.0,-9999.0,1.0,321.434,1.0,59.46,1.0,634.833,1.0,-9999.0,1.0,0.719445,1.0,22.326,1.0,1.62394,1.0
2019-01-17 20:00:00,28,23.0,1.0,-9999.0,1.0,-9999.0,1.0,9.6783,1.0,26.0937,1.0,35.772,1.0,-9999.0,1.0,-9999.0,1.0,-9999.0,1.0,-9999.0,1.0,335.05,1.0,63.9885,1.0,635.312,1.0,-9999.0,1.0,0.0,1.0,21.4511,1.0,1.20083,1.0
2019-01-17 21:00:00,28,27.0,1.0,-9999.0,1.0,-9999.0,1.0,14.2494,1.0,27.4044,1.0,41.6538,1.0,-9999.0,1.0,-9999.0,1.0,-9999.0,1.0,-9999.0,1.0,355.581,1.0,67.2351,1.0,636.121,1.0,-9999.0,1.0,0.0,1.0,20.6671,1.0,0.559688,1.0
2019-01-17 22:00:00,28,21.0,1.0,-9999.0,1.0,-9999.0,1.0,10.7108,1.0,24.5263,1.0,35.2371,1.0,-9999.0,1.0,-9999.0,1.0,-9999.0,1.0,-9999.0,1.0,9.75185,1.0,69.5894,1.0,636.631,1.0,-9999.0,1.0,0.0,1.0,20.3121,1.0,0.703185,1.0
2019-01-17 23:00:00,28,27.0,1.0,-9999.0,1.0,-9999.0,1.0,8.4661,1.0,22.5822,1.0,31.0483,1.0,-9999.0,1.0,-9999.0,1.0,-9999.0,1.0,-9999.0,1.0,320.25,1.0,71.3725,1.0,636.75,1.0,-9999.0,1.0,0.0,1.0,20.1793,1.0,0.770675,1.0
2019-01-18 00:00:00,28,18.0,1.0,-9999.0,1.0,-9999.0,1.0,3.6961,1.0,20.9047,1.0,24.6007,1.0,-9999.0,1.0,-9999.0,1.0,-9999.0,1.0,-9999.0,1.0,325.296,1.0,74.4065,1.0,636.743,1.0,-9999.0,1.0,0.0,1.0,19.774,1.0,0.535814,1.0
2019-01-18 01:00:00,28,17.0,1.0,-9999.0,1.0,-9999.0,1.0,5.0666,1.0,20.6005,1.0,25.6671,1.0,-9999.0,1.0,-9999.0,1.0,-9999.0,1.0,-9999.0,1.0,350.148,1.0,76.2946,1.0,636.431,1.0,-9999.0,1.0,0.0,1.0,19.4261,1.0,0.439577,1.0
2019-01-18 02:00:00,28,20.0,1.0,-9999.0,1.0,-9999.0,1.0,1.6258,1.0,17.4448,1.0,19.0706,1.0,-9999.0,1.0,-9999.0,1.0,-9999.0,1.0,-9999.0,1.0,353.034,1.0,78.6978,1.0,635.799,1.0,-9999.0,1.0,0.0,1.0,19.1821,1.0,0.778657,1.0
2019-01-18 03:00:00,28,20.0,1.0,-9999.0,1.0,-9999.0,1.0,3.4253,1.0,19.0962,1.0,22.5215,1.0,-9999.0,1.0,-9999.0,1.0,-9999.0,1.0,-9999.0,1.0,326.543,1.0,77.4515,1.0,635.506,1.0,-9999.0,1.0,0.0,1.0,19.2846,1.0,0.488985,1.0
2019-01-18 04:00:00,28,24.0,1.0,-9999.0,1.0,-9999.0,1.0,3.1251,1.0,16.9433,1.0,20.0684,1.0,-9999.0,1.0,-9999.0,1.0,-9999.0,1.0,-9999.0,1.0,354.512,1.0,76.4035,1.0,635.253,1.0,-9999.0,1.0,0.0,1.0,19.2488,1.0,0.82156,1.0
2019-01-18 05:00:00,28,21.0,1.0,-9999.0,1.0,-9999.0,1.0,8.3117,2.3,18.7677,1.0,27.0793,1.0,-9999.0,1.0,-9999.0,1.0,-9999.0,1.0,-9999.0,1.0,350.333,1.0,77.0332,1.0,635.399,1.0,-9999.0,1.0,0.0,1.0,18.9114,1.0,0.493762,1.0
2019-01-18 06:00:00,28,25.0,1.0,-9999.0,1.0,-9999.0,1.0,18.0933,1.0,19.0554,1.0,37.1487,1.0,-9999.0,1.0,-9999.0,1.0,-9999.0,1.0,-9999.0,1.0,329.574,1.0,75.8789,1.0,635.897,1.0,-9999.0,1.0,0.0,1.0,18.8942,1.0,0.715139,1.0
2019-01-18 07:00:00,28,27.0,1.0,-9999.0,1.0,-9999.0,1.0,33.8488,2.2,19.0489,1.0,52.8977,1.0,-9999.0,1.0,-9999.0,1.0,-9999.0,1.0,-9999.0,1.0,287.38,1.0,75.8972,1.0,636.093,1.0,-9999.0,1.0,8.86111,1.0,18.685,1.0,0.272795,1.0
2019-01-18 08:00:00,28,38.0,1.0,-9999.0,1.0,-9999.0,1.0,60.9582,2.2,24.0141,1.0,84.9723,2.2,-9999.0,1.0,-9999.0,1.0,-9999.0,1.0,-9999.0,1.0,329.056,1.0,72.1382,1.0,636.422,1.0,-9999.0,1.0,88.7361,1.0,19.7604,1.0,0.527335,1.0
2019-01-18 09:00:00,28,32.0,1.0,-9999.0,1.0,-9999.0,1.0,37.6962,2.2,30.6053,1.0,68.3015,1.0,-9999.0,1.0,-9999.0,1.0,-9999.0,1.0,-9999.0,1.0,348.855,1.0,67.6785,1.0,636.747,1.0,-9999.0,1.0,127.189,1.0,20.4363,1.0,0.864341,1.0
2019-01-18 10:00:00,28,31.0,1.0,-9999.0,1.0,-9999.0,1.0,17.924,1.0,26.9754,1.0,44.8994,1.0,-9999.0,1.0,-9999.0,1.0,-9999.0,1.0,-9999.0,1.0,337.683,1.0,61.2599,1.0,636.687,1.0,-9999.0,1.0,226.198,1.0,21.5079,1.0,1.16598,1.0
2019-01-18 11:00:00,28,29.0,1.0,-9999.0,1.0,-9999.0,1.0,10.7414,1.0,29.6496,1.0,40.391,1.0,-9999.0,1.0,-9999.0,1.0,-9999.0,1.0,-9999.0,1.0,350.352,1.0,50.8008,1.0,636.3,1.0,-9999.0,1.0,434.489,1.0,24.049,1.0,0.885156,1.0
2019-01-18 12:00:00,28,16.0,1.0,-9999.0,1.0,-9999.0,1.0,3.5648,1.0,18.4833,1.0,22.048,1.0,-9999.0,1.0,-9999.0,1.0,-9999.0,1.0,-9999.0,1.0,323.596,1.0,44.1949,1.0,635.501,1.0,-9999.0,1.0,551.658,1.0,25.5442,1.0,1.22203,1.0
2019-01-18 13:00:00,28,16.0,1.0,-9999.0,1.0,-9999.0,1.0,2.1587,1.0,15.7197,1.0,17.8784,1.0,-9999.0,1.0,-9999.0,1.0,-9999.0,1.0,-9999.0,1.0,332.659,1.0,40.0465,1.0,635.101,1.0,-9999.0,1.0,394.467,1.0,26.4599,1.0,1.39825,1.0
2019-01-18 14:00:00,28,15.0,1.0,-9999.0,1.0,-9999.0,1.0,2.5061,1.0,13.1462,1.0,15.6523,1.0,-9999.0,1.0,-9999.0,1.0,-9999.0,1.0,-9999.0,1.0,325.831,1.0,36.9924,1.0,634.129,1.0,-9999.0,1.0,484.283,1.0,27.4796,1.0,1.85092,1.0
2019-01-18 15:00:00,28,13.0,1.0,-9999.0,1.0,-9999.0,1.0,3.014,1.0,10.3761,1.0,13.39,1.0,-9999.0,1.0,-9999.0,1.0,-9999.0,1.0,-9999.0,1.0,44.0761,1.0,34.2383,1.0,633.435,1.0,-9999.0,1.0,370.533,1.0,27.8644,1.0,1.01835,1.0
2019-01-18 16:00:00,28,12.0,1.0,-9999.0,1.0,-9999.0,1.0,3.6095,1.0,9.9428,1.0,13.5523,1.0,-9999.0,1.0,-9999.0,1.0,-9999.0,1.0,-9999.0,1.0,34.3335,1.0,34.4526,1.0,633.01,1.0,-9999.0,1.0,259.036,1.0,28.0167,1.0,1.5736,1.0
2019-01-18 17:00:00,28,17.0,1.0,-9999.0,1.0,-9999.0,1.0,4.3557,1.0,15.293,1.0,19.6487,1.0,-9999.0,1.0,-9999.0,1.0,-9999.0,1.0,-9999.0,1.0,57.7306,1.0,38.1543,1.0,633.0,1.0,-9999.0,1.0,92.8333,1.0,27.179,1.0,1.86999,1.0
2019-01-18 18:00:00,28,17.0,1.0,-9999.0,1.0,-9999.0,1.0,3.5083,1.0,21.4947,1.0,25.003,1.0,-9999.0,1.0,-9999.0,1.0,-9999.0,1.0,-9999.0,1.0,66.8418,1.0,42.3449,1.0,633.293,1.0,-9999.0,1.0,14.2583,1.0,25.806,1.0,1.24013,1.0
2019-01-18 19:00:00,28,23.0,1.0,-9999.0,1.0,-9999.0,1.0,3.7384,1.0,27.0534,1.0,30.7917,1.0,-9999.0,1.0,-9999.0,1.0,-9999.0,1.0,-9999.0,1.0,66.9122,1.0,46.1444,1.0,633.792,1.0,-9999.0,1.0,0.261111,1.0,24.6968,1.0,0.924995,1.0
2019-01-18 20:00:00,28,24.0,1.0,-9999.0,1.0,-9999.0,1.0,9.0584,1.0,29.0623,1.0,38.1207,1.0,-9999.0,1.0,-9999.0,1.0,-9999.0,1.0,-9999.0,1.0,330.573,1.0,55.8558,1.0,634.38,1.0,-9999.0,1.0,0.0,1.0,23.441,1.0,1.2327,1.0
2019-01-18 21:00:00,28,22.0,1.0,-9999.0,1.0,-9999.0,1.0,6.2734,1.0,21.4014,1.0,27.6748,1.0,-9999.0,1.0,-9999.0,1.0,-9999.0,1.0,-9999.0,1.0,313.701,1.0,64.1482,1.0,635.135,1.0,-9999.0,1.0,0.0,1.0,22.2744,1.0,2.37728,1.0
2019-01-18 22:00:00,28,22.0,3.0,-9999.0,1.0,-9999.0,1.0,2.5284,1.0,16.9056,1.0,19.434,1.0,-9999.0,1.0,-9999.0,1.0,-9999.0,1.0,-9999.0,1.0,334.426,1.0,69.1881,1.0,635.567,1.0,-9999.0,1.0,0.0,1.0,21.5996,1.0,1.89551,1.0
2019-01-18 23:00:00,28,22.0,3.0,-9999.0,1.0,-9999.0,1.0,1.6097,1.0,15.5308,1.0,17.1406,1.0,-9999.0,1.0,-9999.0,1.0,-9999.0,1.0,-9999.0,1.0,332.516,1.0,70.9658,1.0,635.679,1.0,-9999.0,1.0,0.0,1.0,21.1838,1.0,2.07258,1.0
2019-01-19 00:00:00,28,22.0,3.0,-9999.0,1.0,-9999.0,1.0,0.7637,1.0,12.4939,1.0,13.2576,1.0,-9999.0,1.0,-9999.0,1.0,-9999.0,1.0,-9999.0,1.0,341.594,1.0,72.1033,1.0,635.692,1.0,-9999.0,1.0,0.0,1.0,20.7983,1.0,1.55385,1.0
2019-01-19 01:00:00,28,19.0,1.0,-9999.0,1.0,-9999.0,1.0,0.8658,1.0,11.1638,1.0,12.0296,1.0,-9999.0,1.0,-9999.0,1.0,-9999.0,1.0,-9999.0,1.0,347.949,1.0,73.0515,1.0,635.45,1.0,-9999.0,1.0,0.0,1.0,20.4322,1.0,1.62306,1.0
2019-01-19 02:00:00,28,21.0,1.0,-9999.0,1.0,-9999.0,1.0,0.1753,1.0,10.9289,1.0,11.1042,1.0,-9999.0,1.0,-9999.0,1.0,-9999.0,1.0,-9999.0,1.0,343.912,1.0,73.8313,1.0,635.25,1.0,-9999.0,1.0,0.0,1.0,20.1918,1.0,0.972675,1.0
2019-01-19 03:00:00,28,22.0,1.0,-9999.0,1.0,-9999.0,1.0,0.7171,1.0,13.1644,1.0,13.8814,1.0,-9999.0,1.0,-9999.0,1.0,-9999.0,1.0,-9999.0,1.0,5.53554,1.0,81.5561,1.0,634.974,1.0,-9999.0,1.0,0.0,1.0,19.0921,1.0,0.768569,1.0
2019-01-19 04:00:00,28,24.0,1.0,-9999.0,1.0,-9999.0,1.0,0.1088,1.0,10.7681,1.0,10.8769,1.0,-9999.0,1.0,-9999.0,1.0,-9999.0,1.0,-9999.0,1.0,353.632,1.0,80.4008,1.0,634.876,1.0,-9999.0,1.0,0.0,1.0,19.2179,1.0,0.459282,1.0
2019-01-19 05:00:00,28,24.0,1.0,-9999.0,1.0,-9999.0,1.0,0.6613,1.0,12.4653,1.0,13.1265,1.0,-9999.0,1.0,-9999.0,1.0,-9999.0,1.0,-9999.0,1.0,352.217,1.0,79.9025,1.0,635.073,1.0,-9999.0,1.0,0.0,1.0,19.0933,1.0,0.950251,1.0
2019-01-19 06:00:00,28,26.0,1.0,-9999.0,1.0,-9999.0,1.0,4.6838,1.0,18.9229,1.0,23.6067,1.0,-9999.0,1.0,-9999.0,1.0,-9999.0,1.0,-9999.0,1.0,13.6689,1.0,79.4211,1.0,635.297,1.0,-9999.0,1.0,0.0,1.0,19.0694,1.0,0.608312,1.0
2019-01-19 07:00:00,28,28.0,1.0,-9999.0,1.0,-9999.0,1.0,11.2175,1.0,21.5101,1.0,32.7276,1.0,-9999.0,1.0,-9999.0,1.0,-9999.0,1.0,-9999.0,1.0,345.335,1.0,78.6992,1.0,635.694,1.0,-9999.0,1.0,7.65,1.0,18.8479,1.0,0.198478,1.0
2019-01-19 08:00:00,28,36.0,1.0,-9999.0,1.0,-9999.0,1.0,26.0464,2.2,25.1959,1.0,51.2423,1.0,-9999.0,1.0,-9999.0,1.0,-9999.0,1.0,-9999.0,1.0,8.12955,1.0,74.8196,1.0,636.25,1.0,-9999.0,1.0,105.147,1.0,19.8793,1.0,0.581791,1.0
2019-01-19 09:00:00,28,28.0,1.0,-9999.0,1.0,-9999.0,1.0,19.3708,2.2,25.9317,1.0,45.3024,1.0,-9999.0,1.0,-9999.0,1.0,-9999.0,1.0,-9999.0,1.0,353.26,1.0,67.9415,1.0,636.435,1.0,-9999.0,1.0,162.583,1.0,21.1663,1.0,1.24404,1.0
2019-01-19 10:00:00,28,26.0,1.0,-9999.0,1.0,-9999.0,1.0,11.0681,1.0,24.1428,1.0,35.2108,1.0,-9999.0,1.0,-9999.0,1.0,-9999.0,1.0,-9999.0,1.0,0.478604,1.0,60.3069,1.0,636.418,1.0,-9999.0,1.0,229.414,1.0,22.1997,1.0,1.29197,1.0
2019-01-19 11:00:00,28,13.0,1.0,-9999.0,1.0,-9999.0,1.0,4.1388,1.0,14.5884,1.0,18.7272,1.0,-9999.0,1.0,-9999.0,1.0,-9999.0,1.0,-9999.0,1.0,353.532,1.0,49.6343,1.0,636.259,1.0,-9999.0,1.0,428.064,1.0,24.3535,1.0,1.23725,1.0
2019-01-19 12:00:00,28,17.0,1.0,-9999.0,1.0,-9999.0,1.0,2.6858,1.0,13.9373,1.0,16.6231,1.0,-9999.0,1.0,-9999.0,1.0,-9999.0,1.0,-9999.0,1.0,327.415,1.0,45.1824,1.0,635.697,1.0,-9999.0,1.0,374.572,1.0,25.2945,1.0,1.50806,1.0
2019-01-19 13:00:00,28,16.0,1.0,-9999.0,1.0,-9999.0,1.0,2.2155,1.0,11.4743,1.0,13.6899,1.0,-9999.0,1.0,-9999.0,1.0,-9999.0,1.0,-9999.0,1.0,338.57,1.0,41.5879,1.0,635.205,1.0,-9999.0,1.0,452.881,1.0,26.3542,1.0,1.73689,1.0
2019-01-19 14:00:00,28,15.0,1.0,-9999.0,1.0,-9999.0,1.0,3.7234,1.0,13.4406,1.0,17.164,1.0,-9999.0,1.0,-9999.0,1.0,-9999.0,1.0,-9999.0,1.0,327.489,1.0,39.3217,1.0,634.239,1.0,-9999.0,1.0,394.761,1.0,26.7374,1.0,3.07448,1.0
2019-01-19 15:00:00,28,6.0,1.0,-9999.0,1.0,-9999.0,1.0,2.5855,1.0,7.6288,1.0,10.2143,1.0,-9999.0,1.0,-9999.0,1.0,-9999.0,1.0,-9999.0,1.0,6.67764,1.0,34.0219,1.0,633.342,1.0,-9999.0,1.0,255.597,1.0,27.8619,1.0,1.53495,1.0
2019-01-19 16:00:00,28,7.0,1.0,-9999.0,1.0,-9999.0,1.0,3.0638,1.0,10.4577,1.0,13.5215,1.0,-9999.0,1.0,-9999.0,1.0,-9999.0,1.0,-9999.0,1.0,59.0914,1.0,34.3654,1.0,633.001,1.0,-9999.0,1.0,146.633,1.0,27.8489,1.0,1.55836,1.0
2019-01-19 17:00:00,28,15.0,1.0,-9999.0,1.0,-9999.0,1.0,2.1653,1.0,9.9309,1.0,12.0962,1.0,-9999.0,1.0,-9999.0,1.0,-9999.0,1.0,-9999.0,1.0,68.9438,1.0,35.5942,1.0,632.891,1.0,-9999.0,1.0,140.003,1.0,27.7828,1.0,1.46354,1.0
2019-01-19 18:00:00,28,11.0,1.0,-9999.0,1.0,-9999.0,1.0,1.695,1.0,10.64,1.0,12.335,1.0,-9999.0,1.0,-9999.0,1.0,-9999.0,1.0,-9999.0,1.0,80.856,1.0,37.3226,1.0,633.164,1.0,-9999.0,1.0,35.8333,1.0,26.7007,1.0,1.77847,1.0
2019-01-19 19:00:00,28,18.0,1.0,-9999.0,1.0,-9999.0,1.0,0.5169,2.1,11.5664,1.0,12.0833,1.0,-9999.0,1.0,-9999.0,1.0,-9999.0,1.0,-9999.0,1.0,93.667,1.0,41.8794,1.0,633.813,1.0,-9999.0,1.0,0.325,1.0,25.0007,1.0,1.31356,1.0
2019-01-19 20:00:00,28,26.0,1.0,-9999.0,1.0,-9999.0,1.0,4.8682,1.0,25.5605,1.0,30.4287,1.0,-9999.0,1.0,-9999.0,1.0,-9999.0,1.0,-9999.0,1.0,326.704,1.0,48.7072,1.0,634.402,1.0,-9999.0,1.0,0.0,1.0,23.61,1.0,0.187524,1.0
2019-01-19 21:00:00,28,36.0,1.0,-9999.0,1.0,-9999.0,1.0,20.2407,2.2,31.1767,1.0,51.4174,1.0,-9999.0,1.0,-9999.0,1.0,-9999.0,1.0,-9999.0,1.0,283.579,1.0,58.4293,1.0,635.178,1.0,-9999.0,1.0,0.0,1.0,22.5537,1.0,0.631909,1.0
2019-01-19 22:00:00,28,27.0,1.0,-9999.0,1.0,-9999.0,1.0,6.2654,1.0,22.5301,1.0,28.7956,1.0,-9999.0,1.0,-9999.0,1.0,-9999.0,1.0,-9999.0,1.0,310.442,1.0,67.1317,1.0,635.625,1.0,-9999.0,1.0,0.0,1.0,21.8303,1.0,1.33928,1.0
2019-01-19 23:00:00,28,25.0,1.0,-9999.0,1.0,-9999.0,1.0,2.4177,1.0,15.3399,1.0,17.7577,1.0,-9999.0,1.0,-9999.0,1.0,-9999.0,1.0,-9999.0,1.0,313.349,1.0,70.6511,1.0,635.638,1.0,-9999.0,1.0,0.0,1.0,21.2736,1.0,2.44154,1.0
2019-01-20 00:00:00,28,25.0,1.0,-9999.0,1.0,-9999.0,1.0,2.4846,1.0,19.0237,1.0,21.5083,1.0,-9999.0,1.0,-9999.0,1.0,-9999.0,1.0,-9999.0,1.0,343.705,1.0,73.5372,1.0,635.69,1.0,-9999.0,1.0,0.0,1.0,20.7303,1.0,0.38087,1.0
2019-01-20 01:00:00,28,27.0,1.0,-9999.0,1.0,-9999.0,1.0,6.1154,1.0,21.8891,1.0,28.0045,1.0,-9999.0,1.0,-9999.0,1.0,-9999.0,1.0,-9999.0,1.0,346.679,1.0,74.9936,1.0,635.54,1.0,-9999.0,1.0,0.0,1.0,20.2026,1.0,0.227493,1.0
2019-01-20 02:00:00,28,38.0,1.0,-9999.0,1.0,-9999.0,1.0,16.207,1.0,18.3741,1.0,34.5811,1.0,-9999.0,1.0,-9999.0,1.0,-9999.0,1.0,-9999.0,1.0,236.572,1.0,77.6939,1.0,635.142,1.0,-9999.0,1.0,0.0,1.0,19.2533,1.0,0.194845,1.0
2019-01-20 03:00:00,28,54.0,1.0,-9999.0,1.0,-9999.0,1.0,12.6637,1.0,17.9354,1.0,30.5991,1.0,-9999.0,1.0,-9999.0,1.0,-9999.0,1.0,-9999.0,1.0,232.2,1.0,79.55,1.0,634.865,1.0,-9999.0,1.0,0.0,1.0,18.6833,1.0,0.179254,1.0
2019-01-20 04:00:00,28,37.0,1.0,-9999.0,1.0,-9999.0,1.0,13.9184,1.0,18.731,1.0,32.6494,1.0,-9999.0,1.0,-9999.0,1.0,-9999.0,1.0,-9999.0,1.0,169.066,1.0,76.1456,1.0,634.834,1.0,-9999.0,1.0,0.0,1.0,19.0119,1.0,0.281459,1.0
2019-01-20 05:00:00,28,34.0,1.0,-9999.0,1.0,-9999.0,1.0,15.8138,1.0,18.0014,1.0,33.8152,1.0,-9999.0,1.0,-9999.0,1.0,-9999.0,1.0,-9999.0,1.0,219.891,1.0,76.4028,1.0,634.899,1.0,-9999.0,1.0,0.0,1.0,18.9504,1.0,0.127049,1.0
2019-01-20 06:00:00,28,25.0,1.0,-9999.0,1.0,-9999.0,1.0,25.3861,1.0,18.5286,1.0,43.9147,1.0,-9999.0,1.0,-9999.0,1.0,-9999.0,1.0,-9999.0,1.0,220.179,1.0,74.3839,1.0,635.226,1.0,-9999.0,1.0,0.0,1.0,19.0343,1.0,0.0838912,1.0
2019-01-20 07:00:00,28,33.0,1.0,-9999.0,1.0,-9999.0,1.0,22.4511,1.0,18.3884,1.0,40.8395,1.0,-9999.0,1.0,-9999.0,1.0,-9999.0,1.0,-9999.0,1.0,230.833,1.0,76.8093,1.0,635.543,1.0,-9999.0,1.0,6.05,1.0,19.0597,1.0,0.133278,1.0
2019-01-20 08:00:00,28,29.0,1.0,-9999.0,1.0,-9999.0,1.0,19.1547,1.0,17.6605,1.0,36.8152,1.0,-9999.0,1.0,-9999.0,1.0,-9999.0,1.0,-9999.0,1.0,345.19,1.0,69.2178,1.0,636.121,1.0,-9999.0,1.0,115.036,1.0,20.9796,1.0,0.317575,1.0
2019-01-20 09:00:00,28,26.0,1.0,-9999.0,1.0,-9999.0,1.0,9.1185,1.0,23.2526,1.0,32.3711,1.0,-9999.0,1.0,-9999.0,1.0,-9999.0,1.0,-9999.0,1.0,60.1988,1.0,67.3547,1.0,636.415,1.0,-9999.0,1.0,82.9945,1.0,21.1347,1.0,0.49369,1.0
2019-01-20 10:00:00,28,28.0,1.0,-9999.0,1.0,-9999.0,1.0,9.8323,1.0,25.973,1.0,35.8053,1.0,-9999.0,1.0,-9999.0,1.0,-9999.0,1.0,-9999.0,1.0,136.98,1.0,64.3461,1.0,636.74,1.0,-9999.0,1.0,123.9,1.0,22.098,1.0,0.378078,1.0
2019-01-20 11:00:00,28,32.0,1.0,-9999.0,1.0,-9999.0,1.0,8.551,1.0,25.605,1.0,34.156,1.0,-9999.0,1.0,-9999.0,1.0,-9999.0,1.0,-9999.0,1.0,225.242,1.0,58.9743,1.0,636.61,1.0,-9999.0,1.0,182.014,1.0,23.2779,1.0,0.242098,1.0
2019-01-20 12:00:00,28,18.0,1.0,-9999.0,1.0,-9999.0,1.0,2.6549,1.0,11.4878,1.0,14.1427,1.0,-9999.0,1.0,-9999.0,1.0,-9999.0,1.0,-9999.0,1.0,306.413,1.0,47.3196,1.0,635.923,1.0,-9999.0,1.0,309.133,1.0,24.9344,1.0,0.814184,1.0
2019-01-20 13:00:00,28,12.0,1.0,-9999.0,1.0,-9999.0,1.0,1.0752,1.0,8.4117,1.0,9.4869,1.0,-9999.0,1.0,-9999.0,1.0,-9999.0,1.0,-9999.0,1.0,317.345,1.0,41.9456,1.0,635.374,1.0,-9999.0,1.0,616.711,1.0,26.4088,1.0,1.52395,1.0
2019-01-20 14:00:00,28,16.0,1.0,-9999.0,1.0,-9999.0,1.0,0.8861,1.0,7.3611,1.0,8.2472,1.0,-9999.0,1.0,-9999.0,1.0,-9999.0,1.0,-9999.0,1.0,326.755,1.0,38.0778,1.0,634.525,1.0,-9999.0,1.0,362.242,1.0,27.2065,1.0,1.58533,1.0
2019-01-20 15:00:00,28,16.0,1.0,-9999.0,1.0,-9999.0,1.0,1.5278,1.0,6.3721,1.0,7.8999,1.0,-9999.0,1.0,-9999.0,1.0,-9999.0,1.0,-9999.0,1.0,352.943,1.0,34.5404,1.0,633.754,1.0,-9999.0,1.0,210.775,1.0,27.724,1.0,0.992017,1.0
2019-01-20 16:00:00,28,9.0,1.0,-9999.0,1.0,-9999.0,1.0,1.4564,1.0,6.4204,1.0,7.8768,1.0,-9999.0,1.0,-9999.0,1.0,-9999.0,1.0,-9999.0,1.0,43.586,1.0,34.6317,1.0,633.375,1.0,-9999.0,1.0,115.55,1.0,27.5065,1.0,1.5131,1.0
2019-01-20 17:00:00,28,10.0,1.0,-9999.0,1.0,-9999.0,1.0,1.4206,1.0,6.6283,1.0,8.0489,1.0,-9999.0,1.0,-9999.0,1.0,-9999.0,1.0,-9999.0,1.0,54.809,1.0,35.0236,1.0,633.644,1.0,-9999.0,1.0,64.8111,1.0,26.8839,1.0,1.37388,1.0
2019-01-20 18:00:00,28,11.0,1.0,-9999.0,1.0,-9999.0,1.0,1.7563,1.0,11.212,1.0,12.9683,1.0,-9999.0,1.0,-9999.0,1.0,-9999.0,1.0,-9999.0,1.0,46.5726,1.0,36.9189,1.0,633.94,1.0,-9999.0,1.0,42.1472,1.0,26.5267,1.0,1.18916,1.0
2019-01-20 19:00:00,28,11.0,1.0,-9999.0,1.0,-9999.0,1.0,3.3545,1.0,19.5556,1.0,22.9101,1.0,-9999.0,1.0,-9999.0,1.0,-9999.0,1.0,-9999.0,1.0,22.3382,1.0,42.2558,1.0,634.546,1.0,-9999.0,1.0,0.136111,1.0,25.2735,1.0,0.81196,1.0
2019-01-20 20:00:00,28,22.0,1.0,-9999.0,1.0,-9999.0,1.0,6.2347,1.0,24.5457,1.0,30.7805,1.0,-9999.0,1.0,-9999.0,1.0,-9999.0,1.0,-9999.0,1.0,315.094,1.0,53.0889,1.0,635.137,1.0,-9999.0,1.0,0.0,1.0,23.8804,1.0,0.842449,1.0
2019-01-20 21:00:00,28,25.0,1.0,-9999.0,1.0,-9999.0,1.0,5.0873,1.0,23.39,1.0,28.4773,1.0,-9999.0,1.0,-9999.0,1.0,-9999.0,1.0,-9999.0,1.0,319.494,1.0,58.0514,1.0,635.825,1.0,-9999.0,1.0,0.0,1.0,23.2429,1.0,1.68238,1.0
2019-01-20 22:00:00,28,24.0,1.0,-9999.0,1.0,-9999.0,1.0,2.078,1.0,16.9848,1.0,19.0628,1.0,-9999.0,1.0,-9999.0,1.0,-9999.0,1.0,-9999.0,1.0,321.462,1.0,65.4714,1.0,636.345,1.0,-9999.0,1.0,0.0,1.0,22.4294,1.0,2.30335,1.0
2019-01-20 23:00:00,28,21.0,1.0,-9999.0,1.0,-9999.0,1.0,0.9226,1.0,12.622,1.0,13.5446,1.0,-9999.0,1.0,-9999.0,1.0,-9999.0,1.0,-9999.0,1.0,328.936,1.0,70.4972,1.0,636.375,1.0,-9999.0,1.0,0.0,1.0,21.7106,1.0,1.42365,1.0
2019-01-21 00:00:00,28,16.0,1.0,-9999.0,1.0,-9999.0,1.0,0.4645,1.0,7.239,1.0,7.7035,1.0,-9999.0,1.0,-9999.0,1.0,-9999.0,1.0,-9999.0,1.0,318.943,1.0,70.4415,1.0,636.385,1.0,-9999.0,1.0,0.0,1.0,21.3644,1.0,2.59901,1.0
2019-01-21 01:00:00,28,14.0,1.0,-9999.0,1.0,-9999.0,1.0,0.0478,2.1,4.99,1.0,5.0378,1.0,-9999.0,1.0,-9999.0,1.0,-9999.0,1.0,-9999.0,1.0,324.793,1.0,70.1322,1.0,636.111,1.0,-9999.0,1.0,0.0,1.0,21.0619,1.0,1.77064,1.0
2019-01-21 02:00:00,28,14.0,1.0,-9999.0,1.0,-9999.0,1.0,-0.1093,3.0,4.2522,2.6,4.1428,2.6,-9999.0,1.0,-9999.0,1.0,-9999.0,1.0,-9999.0,1.0,335.604,1.0,71.0067,1.0,635.898,1.0,-9999.0,1.0,0.0,1.0,20.7553,1.0,1.90169,1.0
2019-01-21 03:00:00,28,16.0,1.0,-9999.0,1.0,-9999.0,1.0,-0.1444,3.0,3.742,2.6,3.5976,2.6,-9999.0,1.0,-9999.0,1.0,-9999.0,1.0,-9999.0,1.0,337.687,1.0,71.0481,1.0,635.422,1.0,-9999.0,1.0,0.0,1.0,20.3835,1.0,1.60107,1.0
2019-01-21 04:00:00,28,14.0,1.0,-9999.0,1.0,-9999.0,1.0,-0.0499,3.0,6.9797,2.6,6.9298,2.6,-9999.0,1.0,-9999.0,1.0,-9999.0,1.0,-9999.0,1.0,353.059,1.0,72.1814,1.0,635.253,1.0,-9999.0,1.0,0.0,1.0,19.9529,1.0,0.999195,1.0
2019-01-21 05:00:00,28,16.0,1.0,-9999.0,1.0,-9999.0,1.0,0.4511,1.0,9.224,1.0,9.6752,1.0,-9999.0,1.0,-9999.0,1.0,-9999.0,1.0,-9999.0,1.0,337.786,1.0,73.6568,1.0,635.446,1.0,-9999.0,1.0,0.0,1.0,19.5593,1.0,1.55274,1.0
2019-01-21 06:00:00,28,21.0,1.0,-9999.0,1.0,-9999.0,1.0,7.3015,1.0,21.0442,1.0,28.3457,1.0,-9999.0,1.0,-9999.0,1.0,-9999.0,1.0,-9999.0,1.0,337.477,1.0,73.7247,1.0,636.184,1.0,-9999.0,1.0,0.0,1.0,19.4511,1.0,1.04323,1.0
2019-01-21 07:00:00,28,17.0,1.0,-9999.0,1.0,-9999.0,1.0,8.0311,1.0,20.7952,1.0,28.8263,1.0,-9999.0,1.0,-9999.0,1.0,-9999.0,1.0,-9999.0,1.0,346.763,1.0,74.755,1.0,636.493,1.0,-9999.0,1.0,2.22222,1.0,19.204,1.0,1.65878,1.0
2019-01-21 08:00:00,28,19.0,1.0,-9999.0,1.0,-9999.0,1.0,19.0716,1.0,26.5328,1.0,45.6045,1.0,-9999.0,1.0,-9999.0,1.0,-9999.0,1.0,-9999.0,1.0,344.509,1.0,71.0267,1.0,636.974,1.0,-9999.0,1.0,34.5694,1.0,19.4504,1.0,1.11866,1.0
2019-01-21 09:00:00,28,22.0,1.0,-9999.0,1.0,-9999.0,1.0,20.5481,1.0,27.3683,1.0,47.9163,1.0,-9999.0,1.0,-9999.0,1.0,-9999.0,1.0,-9999.0,1.0,337.088,1.0,69.4808,1.0,637.675,1.0,-9999.0,1.0,100.325,1.0,20.135,1.0,0.999026,1.0
2019-01-21 10:00:00,28,30.0,1.0,-9999.0,1.0,-9999.0,1.0,26.8295,2.2,35.8833,1.0,62.7128,1.0,-9999.0,1.0,-9999.0,1.0,-9999.0,1.0,-9999.0,1.0,336.489,1.0,66.9908,1.0,637.855,1.0,-9999.0,1.0,147.775,1.0,20.9965,1.0,0.649957,1.0
2019-01-21 11:00:00,28,27.0,1.0,-9999.0,1.0,-9999.0,1.0,19.9749,1.0,31.3017,1.0,51.2767,1.0,-9999.0,1.0,-9999.0,1.0,-9999.0,1.0,-9999.0,1.0,348.282,1.0,62.7929,1.0,637.562,1.0,-9999.0,1.0,365.233,1.0,22.0354,1.0,1.5934,1.0
2019-01-21 12:00:00,28,15.0,1.0,-9999.0,1.0,-9999.0,1.0,6.0915,1.0,15.686,1.0,21.7775,1.0,-9999.0,1.0,-9999.0,1.0,-9999.0,1.0,-9999.0,1.0,339.571,1.0,55.6626,1.0,637.188,1.0,-9999.0,1.0,325.175,1.0,22.9565,1.0,2.36731,1.0
2019-01-21 13:00:00,28,16.0,1.0,-9999.0,1.0,-9999.0,1.0,5.2917,1.0,14.6419,1.0,19.9336,1.0,-9999.0,1.0,-9999.0,1.0,-9999.0,1.0,-9999.0,1.0,340.642,1.0,49.0185,1.0,636.548,1.0,-9999.0,1.0,292.525,1.0,23.9946,1.0,2.67566,1.0
2019-01-21 14:00:00,28,14.0,1.0,-9999.0,1.0,-9999.0,1.0,5.5455,1.0,13.7393,1.0,19.2848,1.0,-9999.0,1.0,-9999.0,1.0,-9999.0,1.0,-9999.0,1.0,338.302,1.0,45.3075,1.0,635.489,1.0,-9999.0,1.0,552.436,1.0,25.3357,1.0,2.57498,1.0
2019-01-21 15:00:00,28,12.0,1.0,-9999.0,1.0,-9999.0,1.0,4.7139,1.0,11.5478,1.0,16.2618,1.0,-9999.0,1.0,-9999.0,1.0,-9999.0,1.0,-9999.0,1.0,317.668,1.0,43.1875,1.0,634.417,1.0,-9999.0,1.0,387.411,1.0,25.9485,1.0,2.97293,1.0
2019-01-21 16:00:00,28,10.0,1.0,-9999.0,1.0,-9999.0,1.0,5.2343,1.0,11.7769,1.0,17.0111,1.0,-9999.0,1.0,-9999.0,1.0,-9999.0,1.0,-9999.0,1.0,346.414,1.0,39.2186,1.0,633.963,1.0,-9999.0,1.0,293.908,1.0,27.4186,1.0,1.45878,1.0
2019-01-21 17:00:00,28,11.0,1.0,-9999.0,1.0,-9999.0,1.0,5.4475,1.0,12.7502,1.0,18.1977,1.0,-9999.0,1.0,-9999.0,1.0,-9999.0,1.0,-9999.0,1.0,1.25307,1.0,39.0771,1.0,633.68,1.0,-9999.0,1.0,159.756,1.0,26.9297,1.0,1.42924,1.0
2019-01-21 18:00:00,28,9.0,1.0,-9999.0,1.0,-9999.0,1.0,4.4681,1.0,12.6176,1.0,17.0857,1.0,-9999.0,1.0,-9999.0,1.0,-9999.0,1.0,-9999.0,1.0,96.1234,1.0,39.9625,1.0,633.992,1.0,-9999.0,1.0,26.1722,1.0,25.5938,1.0,2.08012,1.0
2019-01-21 19:00:00,28,17.0,1.0,-9999.0,1.0,-9999.0,1.0,10.8695,1.0,24.7686,1.0,35.6381,1.0,-9999.0,1.0,-9999.0,1.0,-9999.0,1.0,-9999.0,1.0,3.08081,1.0,46.5333,1.0,634.642,1.0,-9999.0,1.0,0.358333,1.0,24.2256,1.0,1.25158,1.0
2019-01-21 20:00:00,28,17.0,1.0,-9999.0,1.0,-9999.0,1.0,12.4391,1.0,24.2277,1.0,36.6668,1.0,-9999.0,1.0,-9999.0,1.0,-9999.0,1.0,-9999.0,1.0,338.887,1.0,57.2131,1.0,635.147,1.0,-9999.0,1.0,0.0,1.0,22.9444,1.0,1.49008,1.0
2019-01-21 21:00:00,28,21.0,1.0,-9999.0,1.0,-9999.0,1.0,10.662,1.0,22.1003,1.0,32.7622,1.0,-9999.0,1.0,-9999.0,1.0,-9999.0,1.0,-9999.0,1.0,322.735,1.0,63.3046,1.0,635.599,1.0,-9999.0,1.0,0.0,1.0,22.0175,1.0,1.67945,1.0
2019-01-21 22:00:00,28,21.0,1.0,-9999.0,1.0,-9999.0,1.0,3.2268,1.0,16.2858,1.0,19.5126,1.0,-9999.0,1.0,-9999.0,1.0,-9999.0,1.0,-9999.0,1.0,319.805,1.0,67.2453,1.0,636.216,1.0,-9999.0,1.0,0.0,1.0,21.4905,1.0,1.81325,1.0
2019-01-21 23:00:00,28,17.0,1.0,-9999.0,1.0,-9999.0,1.0,2.588,1.0,15.6519,1.0,18.2399,1.0,-9999.0,1.0,-9999.0,1.0,-9999.0,1.0,-9999.0,1.0,334.286,1.0,67.3012,1.0,636.376,1.0,-9999.0,1.0,0.0,1.0,21.473,1.0,1.4423,1.0
2019-01-22 00:00:00,28,14.0,1.0,-9999.0,1.0,-9999.0,1.0,0.6352,1.0,10.8977,1.0,11.5329,1.0,-9999.0,1.0,-9999.0,1.0,-9999.0,1.0,-9999.0,1.0,333.467,1.0,69.1644,1.0,636.375,1.0,-9999.0,1.0,0.0,1.0,21.1793,1.0,1.67224,1.0
2019-01-22 01:00:00,28,17.0,1.0,-9999.0,1.0,-9999.0,1.0,-0.0084,3.0,6.7355,2.6,6.7271,2.6,-9999.0,1.0,-9999.0,1.0,-9999.0,1.0,-9999.0,1.0,320.532,1.0,69.8646,1.0,636.226,1.0,-9999.0,1.0,0.0,1.0,20.8375,1.0,0.990912,1.0
2019-01-22 02:00:00,28,20.0,1.0,-9999.0,1.0,-9999.0,1.0,0.5341,1.0,11.2112,1.0,11.7452,1.0,-9999.0,1.0,-9999.0,1.0,-9999.0,1.0,-9999.0,1.0,330.426,1.0,71.9107,1.0,635.825,1.0,-9999.0,1.0,0.0,1.0,20.3442,1.0,0.195155,1.0
2019-01-22 03:00:00,28,30.0,1.0,-9999.0,1.0,-9999.0,1.0,2.4447,1.0,16.0256,1.0,18.4703,1.0,-9999.0,1.0,-9999.0,1.0,-9999.0,1.0,-9999.0,1.0,343.918,1.0,72.8703,1.0,635.625,1.0,-9999.0,1.0,0.0,1.0,20.005,1.0,0.285759,1.0
2019-01-22 04:00:00,28,26.0,1.0,-9999.0,1.0,-9999.0,1.0,1.8544,1.0,12.4034,1.0,14.2578,1.0,-9999.0,1.0,-9999.0,1.0,-9999.0,1.0,-9999.0,1.0,278.444,1.0,76.9689,1.0,635.621,1.0,-9999.0,1.0,0.0,1.0,19.4736,1.0,0.163972,1.0
2019-01-22 05:00:00,28,38.0,1.0,-9999.0,1.0,-9999.0,1.0,6.5375,1.0,15.7429,1.0,22.2805,1.0,-9999.0,1.0,-9999.0,1.0,-9999.0,1.0,-9999.0,1.0,241.372,1.0,76.4828,1.0,635.625,1.0,-9999.0,1.0,0.0,1.0,19.4104,1.0,0.185518,1.0
2019-01-22 06:00:00,28,26.0,1.0,-9999.0,1.0,-9999.0,1.0,7.022,1.0,16.8145,1.0,23.8365,1.0,-9999.0,1.0,-9999.0,1.0,-9999.0,1.0,-9999.0,1.0,336.712,1.0,76.2337,1.0,635.976,1.0,-9999.0,1.0,0.0,1.0,19.6426,1.0,0.464455,1.0
2019-01-22 07:00:00,28,27.0,1.0,-9999.0,1.0,-9999.0,1.0,23.3576,2.2,20.1191,1.0,43.4767,1.0,-9999.0,1.0,-9999.0,1.0,-9999.0,1.0,-9999.0,1.0,355.279,1.0,76.1917,1.0,636.37,1.0,-9999.0,1.0,6.96111,1.0,19.6099,1.0,0.211338,1.0
2019-01-22 08:00:00,28,34.0,1.0,-9999.0,1.0,-9999.0,1.0,41.34,2.2,23.1099,1.0,64.4499,2.2,-9999.0,1.0,-9999.0,1.0,-9999.0,1.0,-9999.0,1.0,345.189,1.0,74.5411,1.0,636.701,1.0,-9999.0,1.0,63.1889,1.0,20.0921,1.0,1.07259,1.0
2019-01-22 09:00:00,28,32.0,1.0,-9999.0,1.0,-9999.0,1.0,28.7695,2.2,26.5654,1.0,55.3349,1.0,-9999.0,1.0,-9999.0,1.0,-9999.0,1.0,-9999.0,1.0,355.739,1.0,67.3036,1.0,636.758,1.0,-9999.0,1.0,120.767,1.0,21.4344,1.0,1.16182,1.0
2019-01-22 10:00:00,28,20.0,1.0,-9999.0,1.0,-9999.0,1.0,10.7487,1.0,19.522,1.0,30.2707,1.0,-9999.0,1.0,-9999.0,1.0,-9999.0,1.0,-9999.0,1.0,337.218,1.0,55.5861,1.0,636.723,1.0,-9999.0,1.0,218.611,1.0,23.1365,1.0,1.89649,1.0
2019-01-22 11:00:00,28,15.0,1.0,-9999.0,1.0,-9999.0,1.0,4.9771,1.0,13.7841,1.0,18.7612,1.0,-9999.0,1.0,-9999.0,1.0,-9999.0,1.0,-9999.0,1.0,326.97,1.0,46.8311,1.0,636.252,1.0,-9999.0,1.0,340.375,1.0,24.8133,1.0,1.86713,1.0
2019-01-22 12:00:00,28,10.0,1.0,-9999.0,1.0,-9999.0,1.0,4.4582,1.0,11.7088,1.0,16.1669,1.0,-9999.0,1.0,-9999.0,1.0,-9999.0,1.0,-9999.0,1.0,334.602,1.0,39.674,1.0,635.555,1.0,-9999.0,1.0,500.655,1.0,26.4846,1.0,2.12966,1.0
2019-01-22 13:00:00,28,9.0,1.0,-9999.0,1.0,-9999.0,1.0,5.0762,1.0,9.5362,1.0,14.6124,1.0,-9999.0,1.0,-9999.0,1.0,-9999.0,1.0,-9999.0,1.0,52.626,1.0,33.5697,1.0,635.12,1.0,-9999.0,1.0,542.672,1.0,28.1189,1.0,1.72813,1.0
2019-01-22 14:00:00,28,7.0,1.0,-9999.0,1.0,-9999.0,1.0,3.6749,1.0,6.9476,1.0,10.6226,1.0,-9999.0,1.0,-9999.0,1.0,-9999.0,1.0,-9999.0,1.0,52.7357,1.0,32.3246,1.0,634.433,1.0,-9999.0,1.0,549.692,1.0,28.5511,1.0,1.93599,1.0
2019-01-22 15:00:00,28,6.0,1.0,-9999.0,1.0,-9999.0,1.0,3.4862,1.0,7.9122,1.0,11.3985,1.0,-9999.0,1.0,-9999.0,1.0,-9999.0,1.0,-9999.0,1.0,57.5409,1.0,31.4215,1.0,633.875,1.0,-9999.0,1.0,522.9,1.0,29.0114,1.0,2.14159,1.0
2019-01-22 16:00:00,28,9.0,1.0,-9999.0,1.0,-9999.0,1.0,3.4312,1.0,10.2789,1.0,13.7102,1.0,-9999.0,1.0,-9999.0,1.0,-9999.0,1.0,-9999.0,1.0,73.9304,1.0,31.5826,1.0,633.492,1.0,-9999.0,1.0,372.106,1.0,29.1274,1.0,2.23363,1.0
2019-01-22 17:00:00,28,13.0,1.0,-9999.0,1.0,-9999.0,1.0,2.7451,1.0,12.2391,1.0,14.9843,1.0,-9999.0,1.0,-9999.0,1.0,-9999.0,1.0,-9999.0,1.0,66.7874,1.0,32.9364,1.0,633.412,1.0,-9999.0,1.0,168.861,1.0,28.2429,1.0,2.57046,1.0
2019-01-22 18:00:00,28,14.0,1.0,-9999.0,1.0,-9999.0,1.0,1.613,1.0,13.4109,1.0,15.0239,1.0,-9999.0,1.0,-9999.0,1.0,-9999.0,1.0,-9999.0,1.0,94.3782,1.0,33.7281,1.0,633.669,1.0,-9999.0,1.0,39.9111,1.0,27.4715,1.0,1.11997,1.0
2019-01-22 19:00:00,28,17.0,1.0,-9999.0,1.0,-9999.0,1.0,0.8081,1.0,19.4153,1.0,20.2234,1.0,-9999.0,1.0,-9999.0,1.0,-9999.0,1.0,-9999.0,1.0,91.8236,1.0,37.6026,1.0,634.026,1.0,-9999.0,1.0,0.311111,1.0,26.0614,1.0,0.594011,1.0
2019-01-22 20:00:00,28,24.0,1.0,-9999.0,1.0,-9999.0,1.0,1.5607,1.0,24.6684,1.0,26.2291,1.0,-9999.0,1.0,-9999.0,1.0,-9999.0,1.0,-9999.0,1.0,330.758,1.0,47.7474,1.0,634.723,1.0,-9999.0,1.0,0.0,1.0,24.3033,1.0,0.883297,1.0
2019-01-22 21:00:00,28,25.0,1.0,-9999.0,1.0,-9999.0,1.0,8.1243,1.0,31.577,1.0,39.7013,1.0,-9999.0,1.0,-9999.0,1.0,-9999.0,1.0,-9999.0,1.0,343.15,1.0,52.7104,1.0,635.238,1.0,-9999.0,1.0,0.0,1.0,23.5037,1.0,1.19482,1.0
2019-01-22 22:00:00,28,25.0,1.0,-9999.0,1.0,-9999.0,1.0,6.5349,1.0,27.4753,1.0,34.0102,1.0,-9999.0,1.0,-9999.0,1.0,-9999.0,1.0,-9999.0,1.0,320.686,1.0,57.4765,1.0,635.524,1.0,-9999.0,1.0,0.0,1.0,22.869,1.0,1.47889,1.0
2019-01-22 23:00:00,28,13.0,1.0,-9999.0,1.0,-9999.0,1.0,0.752,1.0,13.6847,1.0,14.4367,1.0,-9999.0,1.0,-9999.0,1.0,-9999.0,1.0,-9999.0,1.0,334.269,1.0,65.3603,1.0,635.625,1.0,-9999.0,1.0,0.0,1.0,22.1817,1.0,2.47849,1.0
2019-01-23 00:00:00,28,19.0,1.0,-9999.0,1.0,-9999.0,1.0,0.1562,1.0,11.8888,1.0,12.045,1.0,-9999.0,1.0,-9999.0,1.0,-9999.0,1.0,-9999.0,1.0,352.206,1.0,68.7143,1.0,635.625,1.0,-9999.0,1.0,0.0,1.0,21.7614,1.0,0.82085,1.0
2019-01-23 01:00:00,28,17.0,1.0,-9999.0,1.0,-9999.0,1.0,-0.0029,3.0,9.714,2.6,9.711,2.6,-9999.0,1.0,-9999.0,1.0,-9999.0,1.0,-9999.0,1.0,357.277,1.0,67.2531,1.0,635.436,1.0,-9999.0,1.0,0.0,1.0,21.6525,1.0,1.02568,1.0
2019-01-23 02:00:00,28,16.0,1.0,-9999.0,1.0,-9999.0,1.0,-0.0565,3.0,8.5504,2.6,8.4939,2.6,-9999.0,1.0,-9999.0,1.0,-9999.0,1.0,-9999.0,1.0,345.579,1.0,70.1964,1.0,635.071,1.0,-9999.0,1.0,0.0,1.0,21.116,1.0,1.69093,1.0
2019-01-23 03:00:00,28,21.0,1.0,-9999.0,1.0,-9999.0,1.0,0.2167,1.0,12.8783,1.0,13.095,1.0,-9999.0,1.0,-9999.0,1.0,-9999.0,1.0,-9999.0,1.0,336.684,1.0,70.4014,1.0,634.875,1.0,-9999.0,1.0,0.0,1.0,20.7243,1.0,0.90158,1.0
2019-01-23 04:00:00,28,25.0,1.0,-9999.0,1.0,-9999.0,1.0,3.9771,1.0,19.66,1.0,23.6371,1.0,-9999.0,1.0,-9999.0,1.0,-9999.0,1.0,-9999.0,1.0,190.54,1.0,72.1036,1.0,634.875,1.0,-9999.0,1.0,0.0,1.0,19.8224,1.0,0.354805,1.0
2019-01-23 05:00:00,28,28.0,1.0,-9999.0,1.0,-9999.0,1.0,9.3238,1.0,19.7759,1.0,29.0997,1.0,-9999.0,1.0,-9999.0,1.0,-9999.0,1.0,-9999.0,1.0,199.587,1.0,73.5974,1.0,635.121,1.0,-9999.0,1.0,0.0,1.0,19.1446,1.0,0.241942,1.0
2019-01-23 06:00:00,28,34.0,1.0,-9999.0,1.0,-9999.0,1.0,30.6355,1.0,20.7005,1.0,51.336,1.0,-9999.0,1.0,-9999.0,1.0,-9999.0,1.0,-9999.0,1.0,158.734,1.0,73.8207,1.0,635.25,1.0,-9999.0,1.0,0.0,1.0,18.8337,1.0,0.392936,1.0
2019-01-23 07:00:00,28,65.0,2.2,-9999.0,1.0,-9999.0,1.0,68.4587,2.3,21.9424,1.0,90.401,2.5,-9999.0,1.0,-9999.0,1.0,-9999.0,1.0,-9999.0,1.0,234.276,1.0,77.0656,1.0,635.349,1.0,-9999.0,1.0,5.30833,1.0,18.1614,1.0,0.232447,1.0
2019-01-23 08:00:00,28,57.0,2.2,-9999.0,1.0,-9999.0,1.0,105.601,2.1,37.7288,2.1,143.33,2.5,-9999.0,1.0,-9999.0,1.0,-9999.0,1.0,-9999.0,1.0,116.524,1.0,66.6861,1.0,635.79,1.0,-9999.0,1.0,122.786,1.0,20.8604,1.0,0.593619,1.0
2019-01-23 09:00:00,28,39.0,1.0,-9999.0,1.0,-9999.0,1.0,56.1467,2.2,48.3991,2.3,104.546,2.5,-9999.0,1.0,-9999.0,1.0,-9999.0,1.0,-9999.0,1.0,38.3115,1.0,57.9569,1.0,635.967,1.0,-9999.0,1.0,275.072,1.0,22.9985,1.0,0.399888,1.0
2019-01-23 10:00:00,28,24.0,1.0,-9999.0,1.0,-9999.0,1.0,20.5604,1.0,41.5947,1.0,62.1551,2.5,-9999.0,1.0,-9999.0,1.0,-9999.0,1.0,-9999.0,1.0,338.318,1.0,49.2496,1.0,635.532,1.0,-9999.0,1.0,412.503,1.0,24.6246,1.0,1.33219,1.0
2019-01-23 11:00:00,28,16.0,1.0,-9999.0,1.0,-9999.0,1.0,-9999.0,4.31,-9999.0,4.31,-9999.0,4.31,-9999.0,1.0,-9999.0,1.0,-9999.0,1.0,-9999.0,1.0,327.919,1.0,39.875,1.0,635.042,1.0,-9999.0,1.0,558.353,1.0,26.8714,1.0,2.29634,1.0
2019-01-23 12:00:00,28,13.0,1.0,-9999.0,1.0,-9999.0,1.0,-9999.0,4.31,-9999.0,4.31,-9999.0,4.31,-9999.0,1.0,-9999.0,1.0,-9999.0,1.0,-9999.0,1.0,70.8825,1.0,28.6346,1.0,634.359,1.0,-9999.0,1.0,648.578,1.0,29.3942,1.0,2.76509,1.0
2019-01-23 13:00:00,28,9.0,1.0,-9999.0,1.0,-9999.0,1.0,5.9654,1.0,8.0805,1.0,14.0458,1.0,-9999.0,1.0,-9999.0,1.0,-9999.0,1.0,-9999.0,1.0,75.6117,1.0,26.6678,1.0,633.893,1.0,-9999.0,1.0,632.328,1.0,30.2029,1.0,2.67645,1.0
2019-01-23 14:00:00,28,6.0,1.0,-9999.0,1.0,-9999.0,1.0,5.0545,1.0,8.5599,1.0,13.6144,1.0,-9999.0,1.0,-9999.0,1.0,-9999.0,1.0,-9999.0,1.0,88.3965,1.0,26.5831,1.0,633.154,1.0,-9999.0,1.0,481.706,1.0,30.6728,1.0,2.28134,1.0
2019-01-23 15:00:00,28,8.0,1.0,-9999.0,1.0,-9999.0,1.0,4.2451,1.0,8.0145,1.0,12.2596,1.0,-9999.0,1.0,-9999.0,1.0,-9999.0,1.0,-9999.0,1.0,107.454,1.0,27.0951,1.0,632.463,1.0,-9999.0,1.0,400.7,1.0,30.6685,1.0,2.72505,1.0
2019-01-23 16:00:00,28,8.0,1.0,-9999.0,1.0,-9999.0,1.0,4.6179,1.0,9.8106,1.0,14.4285,1.0,-9999.0,1.0,-9999.0,1.0,-9999.0,1.0,-9999.0,1.0,102.759,1.0,27.1261,1.0,632.25,1.0,-9999.0,1.0,312.133,1.0,30.5714,1.0,2.99657,1.0
2019-01-23 17:00:00,28,9.0,1.0,-9999.0,1.0,-9999.0,1.0,2.6698,1.0,9.0523,1.0,11.7221,1.0,-9999.0,1.0,-9999.0,1.0,-9999.0,1.0,-9999.0,1.0,108.776,1.0,29.5963,1.0,632.252,1.0,-9999.0,1.0,174.586,1.0,29.5382,1.0,3.80312,1.0
2019-01-23 18:00:00,28,21.0,1.0,-9999.0,1.0,-9999.0,1.0,1.8712,1.0,13.8691,1.0,15.7403,1.0,-9999.0,1.0,-9999.0,1.0,-9999.0,1.0,-9999.0,1.0,109.051,1.0,33.0517,1.0,632.645,1.0,-9999.0,1.0,37.0944,1.0,28.1763,1.0,2.18373,1.0
2019-01-23 19:00:00,28,16.0,1.0,-9999.0,1.0,-9999.0,1.0,1.3149,1.0,16.4689,1.0,17.7838,1.0,-9999.0,1.0,-9999.0,1.0,-9999.0,1.0,-9999.0,1.0,68.1894,1.0,39.4656,1.0,633.389,1.0,-9999.0,1.0,0.430556,1.0,26.2772,1.0,1.00642,1.0
2019-01-23 20:00:00,28,15.0,1.0,-9999.0,1.0,-9999.0,1.0,3.332,1.0,20.9258,1.0,24.2578,1.0,-9999.0,1.0,-9999.0,1.0,-9999.0,1.0,-9999.0,1.0,329.682,1.0,42.3946,1.0,634.162,1.0,-9999.0,1.0,0.0,1.0,25.2906,1.0,0.868595,1.0
2019-01-23 21:00:00,28,22.0,1.0,-9999.0,1.0,-9999.0,1.0,2.2978,1.0,21.6048,1.0,23.9026,1.0,-9999.0,1.0,-9999.0,1.0,-9999.0,1.0,-9999.0,1.0,331.192,1.0,49.9188,1.0,634.884,1.0,-9999.0,1.0,0.0,1.0,24.2043,1.0,2.17109,1.0
2019-01-23 22:00:00,28,19.0,1.0,-9999.0,1.0,-9999.0,1.0,2.2973,1.0,20.3773,1.0,22.6746,1.0,-9999.0,1.0,-9999.0,1.0,-9999.0,1.0,-9999.0,1.0,315.099,1.0,56.2954,1.0,635.25,1.0,-9999.0,1.0,0.0,1.0,23.0922,1.0,2.38451,1.0
2019-01-23 23:00:00,28,23.0,1.0,-9999.0,1.0,-9999.0,1.0,1.0444,1.0,15.1434,1.0,16.1879,1.0,-9999.0,1.0,-9999.0,1.0,-9999.0,1.0,-9999.0,1.0,314.729,1.0,58.5189,1.0,635.25,3.0,-9999.0,1.0,0.0,1.0,22.6564,1.0,2.2697,1.0
2019-01-24 00:00:00,28,18.0,1.0,-9999.0,1.0,-9999.0,1.0,1.0882,1.0,14.3516,1.0,15.4398,1.0,-9999.0,1.0,-9999.0,1.0,-9999.0,1.0,-9999.0,1.0,325.108,1.0,61.3369,1.0,635.25,3.0,-9999.0,1.0,0.0,1.0,22.0426,1.0,1.45695,1.0
2019-01-24 01:00:00,28,24.0,1.0,-9999.0,1.0,-9999.0,1.0,-0.0299,3.0,10.8161,2.6,10.7862,2.6,-9999.0,1.0,-9999.0,1.0,-9999.0,1.0,-9999.0,1.0,300.976,1.0,62.3531,1.0,635.06,1.0,-9999.0,1.0,0.0,1.0,21.4996,1.0,0.492803,1.0
2019-01-24 02:00:00,28,29.0,1.0,-9999.0,1.0,-9999.0,1.0,4.9156,1.0,22.999,1.0,27.9146,1.0,-9999.0,1.0,-9999.0,1.0,-9999.0,1.0,-9999.0,1.0,211.228,1.0,62.6087,1.0,634.607,1.0,-9999.0,1.0,0.0,1.0,20.911,1.0,0.450256,1.0
2019-01-24 03:00:00,28,34.0,1.0,-9999.0,1.0,-9999.0,1.0,2.2951,1.0,18.102,1.0,20.3971,1.0,-9999.0,1.0,-9999.0,1.0,-9999.0,1.0,-9999.0,1.0,237.013,1.0,63.1222,1.0,634.327,1.0,-9999.0,1.0,0.0,1.0,20.2254,1.0,0.496491,1.0
2019-01-24 04:00:00,28,26.0,1.0,-9999.0,1.0,-9999.0,1.0,6.6216,1.0,18.3128,1.0,24.9344,1.0,-9999.0,1.0,-9999.0,1.0,-9999.0,1.0,-9999.0,1.0,224.225,1.0,65.5443,1.0,634.174,1.0,-9999.0,1.0,0.0,1.0,19.3629,1.0,0.197349,1.0
2019-01-24 05:00:00,28,29.0,1.0,-9999.0,1.0,-9999.0,1.0,15.6738,1.0,19.7033,1.0,35.3771,1.0,-9999.0,1.0,-9999.0,1.0,-9999.0,1.0,-9999.0,1.0,182.371,1.0,66.3681,1.0,634.46,1.0,-9999.0,1.0,0.0,1.0,19.0757,1.0,0.369247,1.0
2019-01-24 06:00:00,28,37.0,1.0,-9999.0,1.0,-9999.0,1.0,34.5022,1.0,20.4404,1.0,54.9426,1.0,-9999.0,1.0,-9999.0,1.0,-9999.0,1.0,-9999.0,1.0,205.942,1.0,69.536,1.0,634.753,1.0,-9999.0,1.0,0.0,1.0,18.2972,1.0,0.503821,1.0
2019-01-24 07:00:00,28,40.0,1.0,-9999.0,1.0,-9999.0,1.0,53.9759,2.2,21.8551,1.0,75.831,2.2,-9999.0,1.0,-9999.0,1.0,-9999.0,1.0,-9999.0,1.0,212.263,1.0,70.3538,1.0,635.196,1.0,-9999.0,1.0,4.53611,1.0,18.1054,1.0,0.420289,1.0
2019-01-24 08:00:00,28,46.0,1.0,-9999.0,1.0,-9999.0,1.0,94.9462,2.1,32.1952,2.1,127.141,2.2,-9999.0,1.0,-9999.0,1.0,-9999.0,1.0,-9999.0,1.0,149.261,1.0,60.2088,1.0,635.577,1.0,-9999.0,1.0,118.55,1.0,21.0374,1.0,0.416803,1.0
2019-01-24 09:00:00,28,35.0,1.0,-9999.0,1.0,-9999.0,1.0,49.9006,2.2,37.4023,1.0,87.3029,2.2,-9999.0,1.0,-9999.0,1.0,-9999.0,1.0,-9999.0,1.0,92.5026,1.0,52.3901,1.0,635.9,1.0,-9999.0,1.0,276.933,1.0,23.1695,1.0,0.818634,1.0
2019-01-24 10:00:00,28,22.0,1.0,-9999.0,1.0,-9999.0,1.0,14.149,1.0,30.7791,1.0,44.9281,1.0,-9999.0,1.0,-9999.0,1.0,-9999.0,1.0,-9999.0,1.0,3.4609,1.0,46.9837,1.0,635.696,1.0,-9999.0,1.0,428.947,1.0,24.4538,1.0,0.658728,1.0
2019-01-24 11:00:00,28,29.0,1.0,-9999.0,1.0,-9999.0,1.0,6.0177,1.0,27.1899,1.0,33.2076,1.0,-9999.0,1.0,-9999.0,1.0,-9999.0,1.0,-9999.0,1.0,323.649,1.0,40.1383,1.0,635.26,1.0,-9999.0,1.0,498.561,1.0,26.1601,1.0,0.990224,1.0
2019-01-24 12:00:00,28,17.0,1.0,-9999.0,1.0,-9999.0,1.0,1.637,1.0,13.5961,1.0,15.2331,1.0,-9999.0,1.0,-9999.0,1.0,-9999.0,1.0,-9999.0,1.0,6.36545,1.0,35.0078,1.0,634.761,1.0,-9999.0,1.0,525.392,1.0,28.5285,1.0,0.402355,1.0
2019-01-24 13:00:00,28,20.0,1.0,-9999.0,1.0,-9999.0,1.0,1.1866,1.0,17.9198,1.0,19.1064,1.0,-9999.0,1.0,-9999.0,1.0,-9999.0,1.0,-9999.0,1.0,11.8561,1.0,32.466,1.0,634.084,1.0,-9999.0,1.0,499.533,1.0,29.7204,1.0,0.489821,1.0
2019-01-24 14:00:00,28,20.0,1.0,-9999.0,1.0,-9999.0,1.0,2.8411,1.0,14.4491,1.0,17.2901,1.0,-9999.0,1.0,-9999.0,1.0,-9999.0,1.0,-9999.0,1.0,357.963,1.0,32.0189,1.0,633.471,1.0,-9999.0,1.0,307.122,1.0,29.635,1.0,0.642961,1.0
2019-01-24 15:00:00,28,12.0,1.0,-9999.0,1.0,-9999.0,1.0,4.8981,1.0,10.3404,1.0,15.2384,1.0,-9999.0,1.0,-9999.0,1.0,-9999.0,1.0,-9999.0,1.0,85.4691,1.0,30.8351,1.0,632.91,1.0,-9999.0,1.0,325.425,1.0,30.0772,1.0,1.65437,1.0
2019-01-24 16:00:00,28,12.0,1.0,-9999.0,1.0,-9999.0,1.0,5.55,1.0,12.1989,1.0,17.7489,1.0,-9999.0,1.0,-9999.0,1.0,-9999.0,1.0,-9999.0,1.0,350.827,1.0,31.6049,1.0,632.621,1.0,-9999.0,1.0,95.5,1.0,29.3353,1.0,1.69379,1.0
2019-01-24 17:00:00,28,18.0,1.0,-9999.0,1.0,-9999.0,1.0,7.6725,1.0,19.729,1.0,27.4015,1.0,-9999.0,1.0,-9999.0,1.0,-9999.0,1.0,-9999.0,1.0,56.3178,1.0,33.544,1.0,632.618,1.0,-9999.0,1.0,64.7222,1.0,28.9422,1.0,0.941138,1.0
2019-01-24 18:00:00,28,14.0,1.0,-9999.0,1.0,-9999.0,1.0,3.9926,1.0,15.8047,1.0,19.7973,1.0,-9999.0,1.0,-9999.0,1.0,-9999.0,1.0,-9999.0,1.0,82.5979,1.0,37.9572,1.0,633.17,1.0,-9999.0,1.0,20.9972,1.0,27.4872,1.0,1.36023,1.0
2019-01-24 19:00:00,28,27.0,1.0,-9999.0,1.0,-9999.0,1.0,4.4868,1.0,19.0559,1.0,23.5427,1.0,-9999.0,1.0,-9999.0,1.0,-9999.0,1.0,-9999.0,1.0,182.098,1.0,43.0414,1.0,633.937,1.0,-9999.0,1.0,0.219444,1.0,26.0211,1.0,0.576679,1.0
2019-01-24 20:00:00,28,17.0,1.0,-9999.0,1.0,-9999.0,1.0,2.4931,1.0,16.3304,1.0,18.8236,1.0,-9999.0,1.0,-9999.0,1.0,-9999.0,1.0,-9999.0,1.0,124.531,1.0,47.3539,1.0,634.801,1.0,-9999.0,1.0,0.0,1.0,25.1857,1.0,0.375343,1.0
2019-01-24 21:00:00,28,19.0,1.0,-9999.0,1.0,-9999.0,1.0,2.5123,1.0,23.6536,1.0,26.1659,1.0,-9999.0,1.0,-9999.0,1.0,-9999.0,1.0,-9999.0,1.0,332.905,1.0,54.3707,1.0,635.497,1.0,-9999.0,1.0,0.0,1.0,24.2764,1.0,1.53476,1.0
2019-01-24 22:00:00,28,25.0,1.0,-9999.0,1.0,-9999.0,1.0,2.0585,1.0,20.5214,1.0,22.5799,1.0,-9999.0,1.0,-9999.0,1.0,-9999.0,1.0,-9999.0,1.0,326.608,1.0,59.0726,1.0,636.087,1.0,-9999.0,1.0,0.0,1.0,23.4481,1.0,1.77131,1.0
2019-01-24 23:00:00,28,19.0,1.0,-9999.0,1.0,-9999.0,1.0,0.7182,1.0,15.6644,1.0,16.3825,1.0,-9999.0,1.0,-9999.0,1.0,-9999.0,1.0,-9999.0,1.0,336.053,1.0,59.9338,1.0,636.224,1.0,-9999.0,1.0,0.0,1.0,22.9319,1.0,1.80454,1.0
2019-01-25 00:00:00,28,14.0,1.0,-9999.0,1.0,-9999.0,1.0,-0.0189,3.0,11.8212,2.6,11.8024,2.6,-9999.0,1.0,-9999.0,1.0,-9999.0,1.0,-9999.0,1.0,348.643,1.0,61.8278,1.0,636.037,1.0,-9999.0,1.0,0.0,1.0,22.3335,1.0,1.33617,1.0
2019-01-25 01:00:00,28,23.0,1.0,-9999.0,1.0,-9999.0,1.0,-0.1602,3.0,9.3375,2.6,9.1774,2.6,-9999.0,1.0,-9999.0,1.0,-9999.0,1.0,-9999.0,1.0,335.97,1.0,63.2332,1.0,635.886,1.0,-9999.0,1.0,0.0,1.0,22.024,1.0,1.35925,1.0
2019-01-25 02:00:00,28,18.0,1.0,-9999.0,1.0,-9999.0,1.0,-0.1881,3.0,8.6239,2.6,8.4358,2.6,-9999.0,1.0,-9999.0,1.0,-9999.0,1.0,-9999.0,1.0,327.235,1.0,65.4908,1.0,635.522,1.0,-9999.0,1.0,0.0,1.0,21.5253,1.0,1.74938,1.0
2019-01-25 03:00:00,28,22.0,1.0,-9999.0,1.0,-9999.0,1.0,-0.3088,3.0,10.3146,2.6,10.0059,2.6,-9999.0,1.0,-9999.0,1.0,-9999.0,1.0,-9999.0,1.0,330.227,1.0,66.554,1.0,635.127,1.0,-9999.0,1.0,0.0,1.0,21.1282,1.0,0.224206,1.0
2019-01-25 04:00:00,28,22.0,1.0,-9999.0,1.0,-9999.0,1.0,1.1003,1.0,17.0669,1.0,18.1673,1.0,-9999.0,1.0,-9999.0,1.0,-9999.0,1.0,-9999.0,1.0,127.881,1.0,65.9314,1.0,635.039,1.0,-9999.0,1.0,0.0,1.0,20.7785,1.0,0.376216,1.0
2019-01-25 05:00:00,28,24.0,1.0,-9999.0,1.0,-9999.0,1.0,5.4839,1.0,17.7264,1.0,23.2103,1.0,-9999.0,1.0,-9999.0,1.0,-9999.0,1.0,-9999.0,1.0,145.67,1.0,66.5175,1.0,635.196,1.0,-9999.0,1.0,0.0,1.0,20.2339,1.0,0.30749,1.0
2019-01-25 06:00:00,28,30.0,1.0,-9999.0,1.0,-9999.0,1.0,26.8652,1.0,21.0513,1.0,47.9165,1.0,-9999.0,1.0,-9999.0,1.0,-9999.0,1.0,-9999.0,1.0,156.572,1.0,67.3626,1.0,635.321,1.0,-9999.0,1.0,0.0,1.0,19.8421,1.0,0.285183,1.0
2019-01-25 07:00:00,28,44.0,1.0,-9999.0,1.0,-9999.0,1.0,48.4021,2.2,23.217,1.0,71.619,1.0,-9999.0,1.0,-9999.0,1.0,-9999.0,1.0,-9999.0,1.0,226.678,1.0,70.9311,1.0,635.886,1.0,-9999.0,1.0,6.32778,1.0,19.6115,1.0,0.105454,1.0
2019-01-25 08:00:00,28,39.0,1.0,-9999.0,1.0,-9999.0,1.0,58.064,2.2,28.7174,1.0,86.7814,2.2,-9999.0,1.0,-9999.0,1.0,-9999.0,1.0,-9999.0,1.0,332.975,1.0,67.6564,1.0,636.349,1.0,-9999.0,1.0,30.2,1.0,20.5339,1.0,0.322744,1.0
2019-01-25 09:00:00,28,31.0,1.0,-9999.0,1.0,-9999.0,1.0,23.6285,1.0,27.4249,1.0,51.0534,1.0,-9999.0,1.0,-9999.0,1.0,-9999.0,1.0,-9999.0,1.0,335.241,1.0,70.6675,1.0,636.851,1.0,-9999.0,1.0,99.1833,1.0,20.8722,1.0,1.53228,1.0
2019-01-25 10:00:00,28,23.0,1.0,-9999.0,1.0,-9999.0,1.0,12.0911,1.0,23.2381,1.0,35.3292,1.0,-9999.0,1.0,-9999.0,1.0,-9999.0,1.0,-9999.0,1.0,348.173,1.0,63.6638,1.0,637.11,1.0,-9999.0,1.0,175.713,1.0,22.207,1.0,1.27939,1.0
2019-01-25 11:00:00,28,19.0,1.0,-9999.0,1.0,-9999.0,1.0,6.4715,1.0,17.2673,1.0,23.7388,1.0,-9999.0,1.0,-9999.0,1.0,-9999.0,1.0,-9999.0,1.0,343.634,1.0,54.5225,1.0,636.868,1.0,-9999.0,1.0,241.247,1.0,23.5819,1.0,1.57309,1.0
2019-01-25 12:00:00,28,10.0,1.0,-9999.0,1.0,-9999.0,1.0,3.4097,1.0,11.7556,1.0,15.1653,1.0,-9999.0,1.0,-9999.0,1.0,-9999.0,1.0,-9999.0,1.0,349.863,1.0,48.314,1.0,636.282,1.0,-9999.0,1.0,360.869,1.0,24.9735,1.0,1.27983,1.0
2019-01-25 13:00:00,28,16.0,1.0,-9999.0,1.0,-9999.0,1.0,2.9008,1.0,13.291,1.0,16.1919,1.0,-9999.0,1.0,-9999.0,1.0,-9999.0,1.0,-9999.0,1.0,0.666222,1.0,43.1318,1.0,635.676,1.0,-9999.0,1.0,381.725,1.0,26.2044,1.0,1.3219,1.0
2019-01-25 14:00:00,28,20.0,1.0,-9999.0,1.0,-9999.0,1.0,2.6801,1.0,11.1267,1.0,13.8068,1.0,-9999.0,1.0,-9999.0,1.0,-9999.0,1.0,-9999.0,1.0,334.517,1.0,40.7372,1.0,634.924,1.0,-9999.0,1.0,422.706,1.0,26.8169,1.0,1.66546,1.0
2019-01-25 15:00:00,28,9.0,1.0,-9999.0,1.0,-9999.0,1.0,3.5789,1.0,11.6167,1.0,15.1956,1.0,-9999.0,1.0,-9999.0,1.0,-9999.0,1.0,-9999.0,1.0,329.173,1.0,39.2161,1.0,634.231,1.0,-9999.0,1.0,314.764,1.0,27.1839,1.0,2.18798,1.0
2019-01-25 16:00:00,28,11.0,1.0,-9999.0,1.0,-9999.0,1.0,5.961,1.0,12.5335,1.0,18.4945,1.0,-9999.0,1.0,-9999.0,1.0,-9999.0,1.0,-9999.0,1.0,330.456,1.0,39.2369,1.0,633.979,1.0,-9999.0,1.0,282.044,1.0,27.3774,1.0,2.76714,1.0
2019-01-25 17:00:00,28,12.0,1.0,-9999.0,1.0,-9999.0,1.0,7.2739,1.0,14.7126,1.0,21.9865,1.0,-9999.0,1.0,-9999.0,1.0,-9999.0,1.0,-9999.0,1.0,317.989,1.0,40.6733,1.0,633.75,1.0,-9999.0,1.0,141.606,1.0,27.1899,1.0,3.03832,1.0
2019-01-25 18:00:00,28,15.0,1.0,-9999.0,1.0,-9999.0,1.0,14.3213,2.3,21.4554,1.0,35.7767,1.0,-9999.0,1.0,-9999.0,1.0,-9999.0,1.0,-9999.0,1.0,309.857,1.0,44.139,1.0,633.939,1.0,-9999.0,1.0,32.1806,1.0,26.1593,1.0,2.11794,1.0
2019-01-25 19:00:00,28,26.0,1.0,-9999.0,1.0,-9999.0,1.0,10.3424,1.0,23.2582,1.0,33.6006,1.0,-9999.0,1.0,-9999.0,1.0,-9999.0,1.0,-9999.0,1.0,308.259,1.0,52.4122,1.0,634.156,1.0,-9999.0,1.0,0.863889,1.0,24.4836,1.0,2.54146,1.0
2019-01-25 20:00:00,28,24.0,1.0,-9999.0,1.0,-9999.0,1.0,7.3736,1.0,24.0869,1.0,31.4605,1.0,-9999.0,1.0,-9999.0,1.0,-9999.0,1.0,-9999.0,1.0,319.76,1.0,55.7622,1.0,634.861,1.0,-9999.0,1.0,0.0,1.0,23.607,1.0,0.418871,1.0
2019-01-25 21:00:00,28,24.0,1.0,-9999.0,1.0,-9999.0,1.0,4.9916,1.0,21.3365,1.0,26.3281,1.0,-9999.0,1.0,-9999.0,1.0,-9999.0,1.0,-9999.0,1.0,314.67,1.0,64.6118,1.0,635.638,1.0,-9999.0,1.0,0.0,1.0,22.7087,1.0,1.08016,1.0
2019-01-25 22:00:00,28,34.0,1.0,-9999.0,1.0,-9999.0,1.0,12.2569,1.0,23.416,1.0,35.6729,1.0,-9999.0,1.0,-9999.0,1.0,-9999.0,1.0,-9999.0,1.0,297.08,1.0,67.0693,1.0,636.379,1.0,-9999.0,1.0,0.0,1.0,22.1549,1.0,0.134309,1.0
2019-01-25 23:00:00,28,29.0,1.0,-9999.0,1.0,-9999.0,1.0,18.3693,2.3,22.7875,2.3,41.1568,2.3,-9999.0,1.0,-9999.0,1.0,-9999.0,1.0,-9999.0,1.0,340.046,1.0,70.1483,1.0,636.637,1.0,-9999.0,1.0,0.0,1.0,21.6171,1.0,0.413029,1.0
2019-01-26 00:00:00,28,27.0,1.0,-9999.0,1.0,-9999.0,1.0,10.3946,2.3,21.2868,1.0,31.6814,1.0,-9999.0,1.0,-9999.0,1.0,-9999.0,1.0,-9999.0,1.0,358.465,1.0,72.1199,1.0,636.381,1.0,-9999.0,1.0,0.0,1.0,21.2921,1.0,0.339519,1.0
2019-01-26 01:00:00,28,27.0,1.0,-9999.0,1.0,-9999.0,1.0,10.2866,1.0,18.3643,1.0,28.6509,1.0,-9999.0,1.0,-9999.0,1.0,-9999.0,1.0,-9999.0,1.0,325.961,1.0,75.1093,1.0,636.375,1.0,-9999.0,1.0,0.0,1.0,20.4885,1.0,0.0963941,1.0
2019-01-26 02:00:00,28,26.0,1.0,-9999.0,1.0,-9999.0,1.0,2.8668,1.0,16.8614,1.0,19.7282,1.0,-9999.0,1.0,-9999.0,1.0,-9999.0,1.0,-9999.0,1.0,342.221,1.0,78.1714,1.0,636.198,1.0,-9999.0,1.0,0.0,1.0,20.259,1.0,0.703205,1.0
2019-01-26 03:00:00,28,23.0,1.0,-9999.0,1.0,-9999.0,1.0,3.5634,1.0,16.8891,1.0,20.4525,1.0,-9999.0,1.0,-9999.0,1.0,-9999.0,1.0,-9999.0,1.0,342.858,1.0,78.7507,1.0,635.466,1.0,-9999.0,1.0,0.0,1.0,19.9172,1.0,0.223491,1.0
2019-01-26 04:00:00,28,34.0,1.0,-9999.0,1.0,-9999.0,1.0,8.2483,1.0,15.28,1.0,23.5283,1.0,-9999.0,1.0,-9999.0,1.0,-9999.0,1.0,-9999.0,1.0,248.518,1.0,78.8307,1.0,635.254,1.0,-9999.0,1.0,0.0,1.0,19.5599,1.0,0.251728,1.0
2019-01-26 05:00:00,28,28.0,1.0,-9999.0,1.0,-9999.0,1.0,5.749,1.0,16.7879,1.0,22.5369,1.0,-9999.0,1.0,-9999.0,1.0,-9999.0,1.0,-9999.0,1.0,318.966,1.0,78.0394,1.0,635.579,1.0,-9999.0,1.0,0.0,1.0,19.8019,1.0,0.330943,1.0
2019-01-26 06:00:00,28,33.0,1.0,-9999.0,1.0,-9999.0,1.0,15.9575,1.0,17.4256,1.0,33.3831,1.0,-9999.0,1.0,-9999.0,1.0,-9999.0,1.0,-9999.0,1.0,346.823,1.0,76.8504,1.0,635.695,1.0,-9999.0,1.0,0.0,1.0,19.9236,1.0,0.158718,1.0
2019-01-26 07:00:00,28,24.0,1.0,-9999.0,1.0,-9999.0,1.0,24.5015,1.0,19.6946,1.0,44.1961,1.0,-9999.0,1.0,-9999.0,1.0,-9999.0,1.0,-9999.0,1.0,325.007,1.0,75.1612,1.0,635.977,1.0,-9999.0,1.0,1.69444,1.0,19.58,1.0,0.507004,1.0
2019-01-26 08:00:00,28,29.0,1.0,-9999.0,1.0,-9999.0,1.0,36.1475,2.2,21.4885,1.0,57.636,2.2,-9999.0,1.0,-9999.0,1.0,-9999.0,1.0,-9999.0,1.0,325.495,1.0,73.5847,1.0,636.385,1.0,-9999.0,1.0,23.1639,1.0,19.7164,1.0,0.832723,1.0
2019-01-26 09:00:00,28,29.0,1.0,-9999.0,1.0,-9999.0,1.0,27.8223,1.0,23.3603,1.0,51.1826,1.0,-9999.0,1.0,-9999.0,1.0,-9999.0,1.0,-9999.0,1.0,350.498,1.0,72.4765,1.0,636.726,1.0,-9999.0,1.0,39.2778,1.0,20.0082,1.0,0.509132,1.0
2019-01-26 10:00:00,28,37.0,1.0,-9999.0,1.0,-9999.0,1.0,30.0279,1.0,30.1221,2.2,60.15,2.2,-9999.0,1.0,-9999.0,1.0,-9999.0,1.0,-9999.0,1.0,334.935,1.0,68.044,1.0,636.655,1.0,-9999.0,1.0,86.7361,1.0,21.1435,1.0,0.117248,1.0
2019-01-26 11:00:00,28,40.0,1.0,-9999.0,1.0,-9999.0,1.0,34.3889,2.3,42.4652,2.2,76.8541,2.1,-9999.0,1.0,-9999.0,1.0,-9999.0,1.0,-9999.0,1.0,190.869,1.0,60.9212,1.0,636.045,1.0,-9999.0,1.0,384.786,1.0,23.4315,1.0,0.475948,1.0
2019-01-26 12:00:00,28,24.0,1.0,-9999.0,1.0,-9999.0,1.0,5.3698,1.0,23.0936,2.3,28.4633,2.3,-9999.0,1.0,-9999.0,1.0,-9999.0,1.0,-9999.0,1.0,66.5808,1.0,44.7164,1.0,635.109,1.0,-9999.0,1.0,634.367,1.0,26.889,1.0,0.368344,1.0
2019-01-26 13:00:00,28,20.0,1.0,-9999.0,1.0,-9999.0,1.0,2.9882,1.0,16.4452,1.0,19.4333,1.0,-9999.0,1.0,-9999.0,1.0,-9999.0,1.0,-9999.0,1.0,336.554,1.0,37.4322,1.0,634.291,1.0,-9999.0,1.0,663.072,1.0,28.3044,1.0,0.870502,1.0
2019-01-26 14:00:00,28,15.0,1.0,-9999.0,1.0,-9999.0,1.0,1.7269,1.0,17.2124,1.0,18.9393,1.0,-9999.0,1.0,-9999.0,1.0,-9999.0,1.0,-9999.0,1.0,307.42,1.0,32.6735,1.0,633.286,1.0,-9999.0,1.0,551.172,1.0,29.7514,1.0,1.02006,1.0
2019-01-26 15:00:00,28,10.0,1.0,-9999.0,1.0,-9999.0,1.0,2.636,1.0,9.3877,1.0,12.0237,1.0,-9999.0,1.0,-9999.0,1.0,-9999.0,1.0,-9999.0,1.0,58.5161,1.0,30.7038,1.0,632.399,1.0,-9999.0,1.0,283.931,1.0,29.6386,1.0,1.24187,1.0
2019-01-26 16:00:00,28,7.0,1.0,-9999.0,1.0,-9999.0,1.0,2.5703,1.0,6.718,1.0,9.2884,1.0,-9999.0,1.0,-9999.0,1.0,-9999.0,1.0,-9999.0,1.0,91.0286,1.0,29.0588,1.0,632.027,1.0,-9999.0,1.0,392.05,1.0,30.5818,1.0,1.78251,1.0
2019-01-26 17:00:00,28,8.0,1.0,-9999.0,1.0,-9999.0,1.0,2.7739,1.0,8.127,1.0,10.9009,1.0,-9999.0,1.0,-9999.0,1.0,-9999.0,1.0,-9999.0,1.0,95.0984,1.0,30.5497,1.0,631.888,1.0,-9999.0,1.0,141.689,1.0,29.789,1.0,1.68871,1.0
2019-01-26 18:00:00,28,12.0,1.0,-9999.0,1.0,-9999.0,1.0,2.3234,1.0,9.7323,1.0,12.0557,1.0,-9999.0,1.0,-9999.0,1.0,-9999.0,1.0,-9999.0,1.0,88.4673,1.0,35.7317,1.0,632.246,1.0,-9999.0,1.0,32.85,1.0,28.3194,1.0,1.12264,1.0
2019-01-26 19:00:00,28,13.0,1.0,-9999.0,1.0,-9999.0,1.0,4.9929,1.0,17.4471,1.0,22.44,1.0,-9999.0,1.0,-9999.0,1.0,-9999.0,1.0,-9999.0,1.0,209.241,1.0,41.6017,1.0,632.667,1.0,-9999.0,1.0,0.405555,1.0,26.2394,1.0,0.68102,1.0
2019-01-26 20:00:00,28,23.0,1.0,-9999.0,1.0,-9999.0,1.0,4.9581,1.0,17.8473,1.0,22.8054,1.0,-9999.0,1.0,-9999.0,1.0,-9999.0,1.0,-9999.0,1.0,279.426,1.0,46.0611,1.0,633.362,1.0,-9999.0,1.0,0.0,1.0,24.9536,1.0,0.559362,1.0
2019-01-26 21:00:00,28,18.0,1.0,-9999.0,1.0,-9999.0,1.0,4.9169,1.0,18.1057,1.0,23.0226,1.0,-9999.0,1.0,-9999.0,1.0,-9999.0,1.0,-9999.0,1.0,308.117,1.0,59.5007,1.0,634.126,1.0,-9999.0,1.0,0.0,1.0,23.8037,1.0,1.97121,1.0
2019-01-26 22:00:00,28,21.0,1.0,-9999.0,1.0,-9999.0,1.0,3.2803,1.0,16.0165,1.0,19.2968,1.0,-9999.0,1.0,-9999.0,1.0,-9999.0,1.0,-9999.0,1.0,317.284,1.0,63.9229,1.0,634.7,1.0,-9999.0,1.0,0.0,1.0,23.1612,1.0,1.96007,1.0
2019-01-26 23:00:00,28,25.0,1.0,-9999.0,1.0,-9999.0,1.0,1.6089,1.0,12.9563,1.0,14.5652,1.0,-9999.0,1.0,-9999.0,1.0,-9999.0,1.0,-9999.0,1.0,316.541,1.0,65.8682,1.0,634.879,1.0,-9999.0,1.0,0.0,1.0,22.75,1.0,0.898823,1.0
2019-01-27 00:00:00,28,21.0,1.0,-9999.0,1.0,-9999.0,1.0,1.1945,1.0,14.5407,1.0,15.7353,1.0,-9999.0,1.0,-9999.0,1.0,-9999.0,1.0,-9999.0,1.0,0.4846,1.0,69.1089,1.0,634.929,1.0,-9999.0,1.0,0.0,1.0,22.4233,1.0,0.646284,1.0
2019-01-27 01:00:00,28,20.0,1.0,-9999.0,1.0,-9999.0,1.0,0.6086,1.0,12.754,1.0,13.3626,1.0,-9999.0,1.0,-9999.0,1.0,-9999.0,1.0,-9999.0,1.0,343.85,1.0,70.7549,1.0,634.782,1.0,-9999.0,1.0,0.0,1.0,22.1251,1.0,1.07678,1.0
2019-01-27 02:00:00,28,20.0,1.0,-9999.0,1.0,-9999.0,1.0,0.8311,1.0,12.1799,1.0,13.0111,1.0,-9999.0,1.0,-9999.0,1.0,-9999.0,1.0,-9999.0,1.0,332.118,1.0,72.4383,1.0,634.435,1.0,-9999.0,1.0,0.0,1.0,21.697,1.0,1.13927,1.0
2019-01-27 03:00:00,28,24.0,1.0,-9999.0,1.0,-9999.0,1.0,0.5231,1.0,12.1529,1.0,12.676,1.0,-9999.0,1.0,-9999.0,1.0,-9999.0,1.0,-9999.0,1.0,338.009,1.0,73.795,1.0,634.127,1.0,-9999.0,1.0,0.0,1.0,21.4042,1.0,0.817793,1.0
2019-01-27 04:00:00,28,19.0,1.0,-9999.0,1.0,-9999.0,1.0,0.5869,1.0,12.5251,1.0,13.112,1.0,-9999.0,1.0,-9999.0,1.0,-9999.0,1.0,-9999.0,1.0,330.22,1.0,74.3332,1.0,634.041,1.0,-9999.0,1.0,0.0,1.0,21.1946,1.0,0.456199,1.0
2019-01-27 05:00:00,28,31.0,1.0,-9999.0,1.0,-9999.0,1.0,1.557,1.0,13.0722,1.0,14.6292,1.0,-9999.0,1.0,-9999.0,1.0,-9999.0,1.0,-9999.0,1.0,300.255,1.0,74.9285,1.0,634.233,1.0,-9999.0,1.0,0.0,1.0,20.947,1.0,0.205206,1.0
2019-01-27 06:00:00,28,27.0,1.0,-9999.0,1.0,-9999.0,1.0,2.6425,1.0,16.1712,1.0,18.8137,1.0,-9999.0,1.0,-9999.0,1.0,-9999.0,1.0,-9999.0,1.0,335.628,1.0,74.636,1.0,634.723,1.0,-9999.0,1.0,0.0,1.0,21.0626,1.0,0.261545,1.0
2019-01-27 07:00:00,28,28.0,1.0,-9999.0,1.0,-9999.0,1.0,2.4036,2.1,15.8693,1.0,18.273,1.0,-9999.0,1.0,-9999.0,1.0,-9999.0,1.0,-9999.0,1.0,333.201,1.0,74.8936,1.0,635.192,1.0,-9999.0,1.0,6.01944,1.0,20.9883,1.0,0.597427,1.0
2019-01-27 08:00:00,28,28.0,1.0,-9999.0,1.0,-9999.0,1.0,6.2425,2.1,15.7597,1.0,22.0022,1.0,-9999.0,1.0,-9999.0,1.0,-9999.0,1.0,-9999.0,1.0,327.889,1.0,73.7982,1.0,635.542,1.0,-9999.0,1.0,40.9833,1.0,21.2364,1.0,0.754761,1.0
2019-01-27 09:00:00,28,27.0,1.0,-9999.0,1.0,-9999.0,1.0,7.296,2.2,15.1286,1.0,22.4246,1.0,-9999.0,1.0,-9999.0,1.0,-9999.0,1.0,-9999.0,1.0,337.512,1.0,69.7933,1.0,635.978,1.0,-9999.0,1.0,146.614,1.0,22.1897,1.0,1.0158,1.0
2019-01-27 10:00:00,28,35.0,1.0,-9999.0,1.0,-9999.0,1.0,5.4838,1.0,14.997,1.0,20.4808,1.0,-9999.0,1.0,-9999.0,1.0,-9999.0,1.0,-9999.0,1.0,338.345,1.0,65.0822,1.0,636.041,1.0,-9999.0,1.0,217.678,1.0,23.1882,1.0,1.06338,1.0
2019-01-27 11:00:00,28,19.0,1.0,-9999.0,1.0,-9999.0,1.0,2.2437,1.0,11.1262,1.0,13.37,1.0,-9999.0,1.0,-9999.0,1.0,-9999.0,1.0,-9999.0,1.0,342.645,1.0,63.8737,1.0,636.082,1.0,-9999.0,1.0,80.9083,1.0,22.7932,1.0,1.85663,1.0
2019-01-27 12:00:00,28,27.0,1.0,-9999.0,1.0,-9999.0,1.0,3.9202,1.0,15.6107,1.0,19.5309,1.0,-9999.0,1.0,-9999.0,1.0,-9999.0,1.0,-9999.0,1.0,101.603,1.0,77.0793,1.0,636.018,1.0,-9999.0,1.0,41.3333,1.0,20.7526,1.0,0.340933,1.0
2019-01-27 13:00:00,28,28.0,1.0,-9999.0,1.0,-9999.0,1.0,8.1409,2.2,20.5763,1.0,28.7172,1.0,-9999.0,1.0,-9999.0,1.0,-9999.0,1.0,-9999.0,1.0,176.003,1.0,76.2485,1.0,635.802,1.0,-9999.0,1.0,100.469,1.0,21.1154,1.0,0.443109,1.0
2019-01-27 14:00:00,28,27.0,1.0,-9999.0,1.0,-9999.0,1.0,3.4684,1.0,12.1573,1.0,15.6257,1.0,-9999.0,1.0,-9999.0,1.0,-9999.0,1.0,-9999.0,1.0,322.389,1.0,60.3268,1.0,634.98,1.0,-9999.0,1.0,567.942,1.0,24.5279,1.0,0.541,1.0
2019-01-27 15:00:00,28,24.0,2.3,-9999.0,1.0,-9999.0,1.0,1.6126,1.0,12.2414,1.0,13.8541,1.0,-9999.0,1.0,-9999.0,1.0,-9999.0,1.0,-9999.0,1.0,71.6933,1.0,51.1587,1.0,634.004,1.0,-9999.0,1.0,344.681,1.0,26.1096,1.0,0.37743,1.0
2019-01-27 16:00:00,28,23.0,2.3,-9999.0,1.0,-9999.0,1.0,1.2139,1.0,12.8977,1.0,14.1116,1.0,-9999.0,1.0,-9999.0,1.0,-9999.0,1.0,-9999.0,1.0,101.291,1.0,45.3351,1.0,633.513,1.0,-9999.0,1.0,345.747,1.0,27.3404,1.0,0.63531,1.0
2019-01-27 17:00:00,28,31.0,2.3,-9999.0,1.0,-9999.0,1.0,1.6968,1.0,19.3125,1.0,21.0093,1.0,-9999.0,1.0,-9999.0,1.0,-9999.0,1.0,-9999.0,1.0,260.535,1.0,43.6685,1.0,633.374,1.0,-9999.0,1.0,122.969,1.0,27.1735,1.0,0.471163,1.0
2019-01-27 18:00:00,28,30.0,2.3,-9999.0,1.0,-9999.0,1.0,0.4543,2.1,19.0867,1.0,19.541,1.0,-9999.0,1.0,-9999.0,1.0,-9999.0,1.0,-9999.0,1.0,279.008,1.0,46.7772,1.0,633.451,1.0,-9999.0,1.0,38.0583,1.0,26.5253,1.0,0.383379,1.0
2019-01-27 19:00:00,28,21.0,1.0,-9999.0,1.0,-9999.0,1.0,1.8237,1.0,22.2863,1.0,24.11,1.0,-9999.0,1.0,-9999.0,1.0,-9999.0,1.0,-9999.0,1.0,337.007,1.0,56.9021,1.0,633.928,1.0,-9999.0,1.0,0.433333,1.0,24.375,1.0,1.04814,1.0
2019-01-27 20:00:00,28,13.0,1.0,-9999.0,1.0,-9999.0,1.0,1.5205,1.0,13.7054,1.0,15.2259,1.0,-9999.0,1.0,-9999.0,1.0,-9999.0,1.0,-9999.0,1.0,330.753,1.0,62.5544,1.0,634.501,1.0,-9999.0,1.0,0.0,1.0,23.5411,1.0,1.53606,1.0
2019-01-27 21:00:00,28,16.0,1.0,-9999.0,1.0,-9999.0,1.0,2.6619,1.0,15.026,1.0,17.6879,1.0,-9999.0,1.0,-9999.0,1.0,-9999.0,1.0,-9999.0,1.0,329.862,1.0,66.4456,1.0,635.007,1.0,-9999.0,1.0,0.0,1.0,23.049,1.0,1.19738,1.0
2019-01-27 22:00:00,28,18.0,1.0,-9999.0,1.0,-9999.0,1.0,2.2913,1.0,15.6659,1.0,17.9571,1.0,-9999.0,1.0,-9999.0,1.0,-9999.0,1.0,-9999.0,1.0,343.974,1.0,68.9767,1.0,635.437,1.0,-9999.0,1.0,0.0,1.0,22.5378,1.0,1.6958,1.0
2019-01-27 23:00:00,28,18.0,1.0,-9999.0,1.0,-9999.0,1.0,1.4775,1.0,13.3499,1.0,14.8274,1.0,-9999.0,1.0,-9999.0,1.0,-9999.0,1.0,-9999.0,1.0,353.956,1.0,72.8193,1.0,635.627,1.0,-9999.0,1.0,0.0,1.0,21.8474,1.0,1.33208,1.0
2019-01-28 00:00:00,28,15.0,1.0,-9999.0,1.0,-9999.0,1.0,0.6705,1.0,9.1088,1.0,9.7793,1.0,-9999.0,1.0,-9999.0,1.0,-9999.0,1.0,-9999.0,1.0,347.215,1.0,74.3508,1.0,635.571,1.0,-9999.0,1.0,0.0,1.0,21.3585,1.0,1.5395,1.0
2019-01-28 01:00:00,28,15.0,1.0,-9999.0,1.0,-9999.0,1.0,-0.0225,3.0,6.2855,2.6,6.263,2.6,-9999.0,1.0,-9999.0,1.0,-9999.0,1.0,-9999.0,1.0,353.715,1.0,75.6771,1.0,635.274,1.0,-9999.0,1.0,0.0,1.0,20.9521,1.0,1.15653,1.0
2019-01-28 02:00:00,28,14.0,1.0,-9999.0,1.0,-9999.0,1.0,0.1842,1.0,6.5002,1.0,6.6844,1.0,-9999.0,1.0,-9999.0,1.0,-9999.0,1.0,-9999.0,1.0,334.944,1.0,76.0896,1.0,635.25,1.0,-9999.0,1.0,0.0,1.0,20.7099,1.0,1.3825,1.0
2019-01-28 03:00:00,28,19.0,1.0,-9999.0,1.0,-9999.0,1.0,-0.1431,3.0,7.8198,2.6,7.6767,2.6,-9999.0,1.0,-9999.0,1.0,-9999.0,1.0,-9999.0,1.0,351.115,1.0,77.17,1.0,634.963,1.0,-9999.0,1.0,0.0,1.0,20.5362,1.0,1.37524,1.0
2019-01-28 04:00:00,28,12.0,1.0,-9999.0,1.0,-9999.0,1.0,-0.1301,3.0,5.8,2.6,5.6699,2.6,-9999.0,1.0,-9999.0,1.0,-9999.0,1.0,-9999.0,1.0,348.849,1.0,76.8981,1.0,634.547,1.0,-9999.0,1.0,0.0,1.0,20.3897,1.0,1.03656,1.0
2019-01-28 05:00:00,28,16.0,1.0,-9999.0,1.0,-9999.0,1.0,0.6159,1.0,7.9355,1.0,8.5514,1.0,-9999.0,1.0,-9999.0,1.0,-9999.0,1.0,-9999.0,1.0,333.806,1.0,76.8983,1.0,634.906,1.0,-9999.0,1.0,0.0,1.0,20.306,1.0,1.00881,1.0
2019-01-28 06:00:00,28,25.0,1.0,-9999.0,1.0,-9999.0,1.0,10.8548,1.0,14.986,1.0,25.8408,1.0,-9999.0,1.0,-9999.0,1.0,-9999.0,1.0,-9999.0,1.0,354.637,1.0,77.279,1.0,635.24,1.0,-9999.0,1.0,0.0,1.0,20.223,1.0,0.929499,1.0
2019-01-28 07:00:00,28,22.0,1.0,-9999.0,1.0,-9999.0,1.0,26.6033,1.0,16.5239,1.0,43.1272,1.0,-9999.0,1.0,-9999.0,1.0,-9999.0,1.0,-9999.0,1.0,331.704,1.0,75.7729,1.0,635.693,1.0,-9999.0,1.0,1.025,1.0,20.2237,1.0,0.547228,1.0
2019-01-28 08:00:00,28,24.0,1.0,-9999.0,1.0,-9999.0,1.0,39.8311,1.0,18.87,1.0,58.7011,1.0,-9999.0,1.0,-9999.0,1.0,-9999.0,1.0,-9999.0,1.0,336.688,1.0,71.572,1.0,636.126,1.0,-9999.0,1.0,17.4083,1.0,20.4836,1.0,1.06426,1.0
2019-01-28 09:00:00,28,23.0,1.0,-9999.0,1.0,-9999.0,1.0,32.9329,1.0,20.9522,1.0,53.8851,1.0,-9999.0,1.0,-9999.0,1.0,-9999.0,1.0,-9999.0,1.0,324.928,1.0,67.69,1.0,636.47,1.0,-9999.0,1.0,49.7361,1.0,21.0296,1.0,0.220427,1.0
2019-01-28 10:00:00,28,35.0,1.0,-9999.0,1.0,-9999.0,1.0,23.6216,1.0,19.3334,1.0,42.955,1.0,-9999.0,1.0,-9999.0,1.0,-9999.0,1.0,-9999.0,1.0,267.305,1.0,61.1339,1.0,636.409,1.0,-9999.0,1.0,132.192,1.0,22.4892,1.0,0.434085,1.0
2019-01-28 11:00:00,28,26.0,1.0,-9999.0,1.0,-9999.0,1.0,10.4837,1.0,20.188,1.0,30.6717,1.0,-9999.0,1.0,-9999.0,1.0,-9999.0,1.0,-9999.0,1.0,317.292,1.0,56.7883,1.0,636.704,1.0,-9999.0,1.0,96.1861,1.0,22.7767,1.0,0.71928,1.0
2019-01-28 12:00:00,28,25.0,1.0,-9999.0,1.0,-9999.0,1.0,15.0737,2.3,31.4531,1.0,46.5268,1.0,-9999.0,1.0,-9999.0,1.0,-9999.0,1.0,-9999.0,1.0,134.204,1.0,58.8222,1.0,636.75,1.0,-9999.0,1.0,61.5194,1.0,22.6532,1.0,0.408763,1.0
2019-01-28 13:00:00,28,24.0,1.0,-9999.0,1.0,-9999.0,1.0,16.3678,2.3,23.3617,1.0,39.7295,2.3,-9999.0,1.0,-9999.0,1.0,-9999.0,1.0,-9999.0,1.0,139.587,1.0,74.5839,1.0,636.937,1.0,-9999.0,1.0,78.7278,1.0,19.9844,1.0,0.553418,1.0
2019-01-28 14:00:00,28,23.0,1.0,-9999.0,1.0,-9999.0,1.0,9.1867,1.0,17.2947,1.0,26.4815,1.0,-9999.0,1.0,-9999.0,1.0,-9999.0,1.0,-9999.0,1.0,297.789,1.0,69.7333,1.0,636.427,1.0,-9999.0,1.0,206.925,1.0,20.8556,1.0,0.16474,1.0
2019-01-28 15:00:00,28,29.0,1.0,-9999.0,1.0,-9999.0,1.0,11.9478,2.3,32.8676,2.3,44.8155,2.3,-9999.0,1.0,-9999.0,1.0,-9999.0,1.0,-9999.0,1.0,329.477,1.0,64.9365,1.0,635.528,1.0,-9999.0,1.0,173.872,1.0,21.7833,1.0,0.874522,1.0
2019-01-28 16:00:00,28,27.0,1.0,-9999.0,1.0,-9999.0,1.0,6.2309,1.0,32.8398,2.3,39.0707,2.3,-9999.0,1.0,-9999.0,1.0,-9999.0,1.0,-9999.0,1.0,286.88,1.0,62.3392,1.0,635.203,1.0,-9999.0,1.0,109.583,1.0,22.3062,1.0,0.322475,1.0
2019-01-28 17:00:00,28,38.0,1.0,-9999.0,1.0,-9999.0,1.0,11.9136,1.0,37.4899,1.0,49.4035,2.3,-9999.0,1.0,-9999.0,1.0,-9999.0,1.0,-9999.0,1.0,301.167,1.0,62.4562,1.0,635.015,1.0,-9999.0,1.0,55.0583,1.0,22.1593,1.0,0.781186,1.0
2019-01-28 18:00:00,28,40.0,1.0,-9999.0,1.0,-9999.0,1.0,7.5735,1.0,29.348,1.0,36.9215,1.0,-9999.0,1.0,-9999.0,1.0,-9999.0,1.0,-9999.0,1.0,324.767,1.0,64.5796,1.0,635.154,1.0,-9999.0,1.0,49.3306,1.0,21.8294,1.0,1.46304,1.0
2019-01-28 19:00:00,28,50.0,2.3,-9999.0,1.0,-9999.0,1.0,22.6072,1.0,33.1128,1.0,55.72,1.0,-9999.0,1.0,-9999.0,1.0,-9999.0,1.0,-9999.0,1.0,296.615,1.0,65.1314,1.0,635.368,1.0,-9999.0,1.0,6.65,1.0,21.5215,1.0,0.705805,1.0
2019-01-28 20:00:00,28,54.0,2.3,-9999.0,1.0,-9999.0,1.0,39.4435,2.3,39.4703,1.0,78.9138,2.3,-9999.0,1.0,-9999.0,1.0,-9999.0,1.0,-9999.0,1.0,322.98,1.0,68.0999,1.0,636.267,1.0,-9999.0,1.0,0.0,1.0,21.2122,1.0,0.0696744,1.0
2019-01-28 21:00:00,28,30.0,1.0,-9999.0,1.0,-9999.0,1.0,18.3016,1.0,28.5467,1.0,46.8483,1.0,-9999.0,1.0,-9999.0,1.0,-9999.0,1.0,-9999.0,1.0,344.957,1.0,69.336,1.0,636.59,1.0,-9999.0,1.0,0.0,1.0,20.9349,1.0,0.566899,1.0
2019-01-28 22:00:00,28,22.0,1.0,-9999.0,1.0,-9999.0,1.0,20.0707,1.0,22.7613,1.0,42.832,1.0,-9999.0,1.0,-9999.0,1.0,-9999.0,1.0,-9999.0,1.0,343.283,1.0,74.5206,1.0,637.057,1.0,-9999.0,1.0,0.0,1.0,20.2015,1.0,0.59712,1.0
2019-01-28 23:00:00,28,22.0,1.0,-9999.0,1.0,-9999.0,1.0,12.7679,1.0,19.4509,1.0,32.2188,1.0,-9999.0,1.0,-9999.0,1.0,-9999.0,1.0,-9999.0,1.0,345.538,1.0,76.4404,1.0,637.251,1.0,-9999.0,1.0,0.0,1.0,19.8417,1.0,0.60492,1.0
2019-01-29 00:00:00,28,17.0,1.0,-9999.0,1.0,-9999.0,1.0,5.5326,1.0,18.0674,1.0,23.6,1.0,-9999.0,1.0,-9999.0,1.0,-9999.0,1.0,-9999.0,1.0,347.045,1.0,78.2383,1.0,637.362,1.0,-9999.0,1.0,0.0,1.0,19.4215,1.0,0.382514,1.0
2019-01-29 01:00:00,28,19.0,1.0,-9999.0,1.0,-9999.0,1.0,6.4835,1.0,17.0517,1.0,23.5352,1.0,-9999.0,1.0,-9999.0,1.0,-9999.0,1.0,-9999.0,1.0,88.3135,1.0,74.9339,1.0,636.912,1.0,-9999.0,1.0,0.0,1.0,19.3037,1.0,0.186244,1.0
2019-01-29 02:00:00,28,21.0,1.0,-9999.0,1.0,-9999.0,1.0,5.885,1.0,15.7868,1.0,21.6719,1.0,-9999.0,1.0,-9999.0,1.0,-9999.0,1.0,-9999.0,1.0,356.497,1.0,76.4245,1.0,636.365,1.0,-9999.0,1.0,0.0,1.0,19.0221,1.0,0.193476,1.0
2019-01-29 03:00:00,28,29.0,1.0,-9999.0,1.0,-9999.0,1.0,5.6956,1.0,11.9964,1.0,17.6919,1.0,-9999.0,1.0,-9999.0,1.0,-9999.0,1.0,-9999.0,1.0,152.847,1.0,77.231,1.0,635.933,1.0,-9999.0,1.0,0.0,1.0,18.1513,1.0,0.152325,1.0
2019-01-29 04:00:00,28,26.0,1.0,-9999.0,1.0,-9999.0,1.0,8.4743,1.0,12.25,1.0,20.7243,1.0,-9999.0,1.0,-9999.0,1.0,-9999.0,1.0,-9999.0,1.0,139.594,1.0,76.3861,1.0,635.662,1.0,-9999.0,1.0,0.0,1.0,17.7168,1.0,0.114294,1.0
2019-01-29 05:00:00,28,26.0,1.0,-9999.0,1.0,-9999.0,1.0,10.8736,1.0,13.4435,1.0,24.3171,1.0,-9999.0,1.0,-9999.0,1.0,-9999.0,1.0,-9999.0,1.0,112.157,1.0,74.9204,1.0,636.017,1.0,-9999.0,1.0,0.0,1.0,17.654,1.0,0.209156,1.0
2019-01-29 06:00:00,28,26.0,1.0,-9999.0,1.0,-9999.0,1.0,30.6881,2.2,15.8668,1.0,46.5549,1.0,-9999.0,1.0,-9999.0,1.0,-9999.0,1.0,-9999.0,1.0,161.508,1.0,73.8421,1.0,636.37,1.0,-9999.0,1.0,0.0,1.0,17.6656,1.0,0.142417,1.0
2019-01-29 07:00:00,28,48.0,2.2,-9999.0,1.0,-9999.0,1.0,80.7437,2.2,17.4519,1.0,98.1956,2.2,-9999.0,1.0,-9999.0,1.0,-9999.0,1.0,-9999.0,1.0,169.852,1.0,77.0422,1.0,636.616,1.0,-9999.0,1.0,7.08055,1.0,17.2528,1.0,0.168336,1.0
2019-01-29 08:00:00,28,50.0,2.2,-9999.0,1.0,-9999.0,1.0,74.5861,2.2,22.3974,1.0,96.9835,2.2,-9999.0,1.0,-9999.0,1.0,-9999.0,1.0,-9999.0,1.0,170.021,1.0,68.8421,1.0,637.042,1.0,-9999.0,1.0,115.633,1.0,19.6532,1.0,0.0950605,1.0
2019-01-29 09:00:00,28,42.0,1.0,-9999.0,1.0,-9999.0,1.0,33.8225,2.2,31.7931,1.0,65.6156,1.0,-9999.0,1.0,-9999.0,1.0,-9999.0,1.0,-9999.0,1.0,115.444,1.0,60.7553,1.0,637.451,1.0,-9999.0,1.0,278.55,1.0,21.6588,1.0,0.545627,1.0
2019-01-29 10:00:00,28,30.0,1.0,-9999.0,1.0,-9999.0,1.0,16.3093,1.0,32.1929,1.0,48.5022,1.0,-9999.0,1.0,-9999.0,1.0,-9999.0,1.0,-9999.0,1.0,7.80846,1.0,51.1514,1.0,637.197,1.0,-9999.0,1.0,418.328,1.0,23.1732,1.0,0.684459,1.0
2019-01-29 11:00:00,28,25.0,1.0,-9999.0,1.0,-9999.0,1.0,5.5009,1.0,25.3616,1.0,30.8625,1.0,-9999.0,1.0,-9999.0,1.0,-9999.0,1.0,-9999.0,1.0,346.491,1.0,45.2549,1.0,636.791,1.0,-9999.0,1.0,533.625,1.0,24.2778,1.0,1.30374,1.0
2019-01-29 12:00:00,28,21.0,1.0,-9999.0,1.0,-9999.0,1.0,11.3225,1.0,27.4764,1.0,38.7989,1.0,-9999.0,1.0,-9999.0,1.0,-9999.0,1.0,-9999.0,1.0,328.888,1.0,39.1933,1.0,636.099,1.0,-9999.0,1.0,613.599,1.0,25.9136,1.0,0.681969,1.0
2019-01-29 13:00:00,28,14.0,1.0,-9999.0,1.0,-9999.0,1.0,3.4755,1.0,14.8574,1.0,18.3329,1.0,-9999.0,1.0,-9999.0,1.0,-9999.0,1.0,-9999.0,1.0,319.168,1.0,34.9258,1.0,635.371,1.0,-9999.0,1.0,658.142,1.0,27.4146,1.0,0.843934,1.0
2019-01-29 14:00:00,28,15.0,1.0,-9999.0,1.0,-9999.0,1.0,0.5998,1.0,10.609,1.0,11.2088,1.0,-9999.0,1.0,-9999.0,1.0,-9999.0,1.0,-9999.0,1.0,298.544,1.0,32.1722,1.0,634.402,1.0,-9999.0,1.0,584.044,1.0,28.7606,1.0,0.678648,1.0
2019-01-29 15:00:00,28,18.0,1.0,-9999.0,1.0,-9999.0,1.0,0.6875,1.0,11.6906,1.0,12.378,1.0,-9999.0,1.0,-9999.0,1.0,-9999.0,1.0,-9999.0,1.0,296.704,1.0,30.3972,1.0,633.64,1.0,-9999.0,1.0,463.772,1.0,28.8838,1.0,1.51285,1.0
2019-01-29 16:00:00,28,17.0,1.0,-9999.0,1.0,-9999.0,1.0,1.9363,1.0,14.0063,1.0,15.9426,1.0,-9999.0,1.0,-9999.0,1.0,-9999.0,1.0,-9999.0,1.0,326.809,1.0,29.8707,1.0,633.29,1.0,-9999.0,1.0,328.933,1.0,28.9287,1.0,2.16171,1.0
2019-01-29 17:00:00,28,16.0,1.0,-9999.0,1.0,-9999.0,1.0,4.3998,1.0,13.5822,1.0,17.9821,1.0,-9999.0,1.0,-9999.0,1.0,-9999.0,1.0,-9999.0,1.0,316.391,1.0,33.9049,1.0,633.368,1.0,-9999.0,1.0,163.017,1.0,27.4767,1.0,3.51126,1.0
2019-01-29 18:00:00,28,17.0,1.0,-9999.0,1.0,-9999.0,1.0,8.1467,1.0,21.3479,1.0,29.4946,1.0,-9999.0,1.0,-9999.0,1.0,-9999.0,1.0,-9999.0,1.0,310.375,1.0,40.5946,1.0,633.69,1.0,-9999.0,1.0,28.8333,1.0,25.8467,1.0,3.42706,1.0
2019-01-29 19:00:00,28,22.0,1.0,-9999.0,1.0,-9999.0,1.0,7.5024,1.0,21.7334,1.0,29.2359,1.0,-9999.0,1.0,-9999.0,1.0,-9999.0,1.0,-9999.0,1.0,310.751,1.0,47.1386,1.0,634.254,1.0,-9999.0,1.0,0.622222,1.0,24.4468,1.0,3.61585,1.0
2019-01-29 20:00:00,28,19.0,1.0,-9999.0,1.0,-9999.0,1.0,5.2546,1.0,18.1171,1.0,23.3717,1.0,-9999.0,1.0,-9999.0,1.0,-9999.0,1.0,-9999.0,1.0,309.725,1.0,56.6865,1.0,634.843,1.0,-9999.0,1.0,0.0,1.0,23.2036,1.0,3.41124,1.0
2019-01-29 21:00:00,28,20.0,1.0,-9999.0,1.0,-9999.0,1.0,4.4853,1.0,17.3518,1.0,21.8371,1.0,-9999.0,1.0,-9999.0,1.0,-9999.0,1.0,-9999.0,1.0,312.657,1.0,63.1338,1.0,635.508,1.0,-9999.0,1.0,0.0,1.0,22.4188,1.0,2.80087,1.0
2019-01-29 22:00:00,28,23.0,1.0,-9999.0,1.0,-9999.0,1.0,2.944,1.0,14.9385,1.0,17.8825,1.0,-9999.0,1.0,-9999.0,1.0,-9999.0,1.0,-9999.0,1.0,330.868,1.0,65.3138,1.0,636.232,1.0,-9999.0,1.0,0.0,1.0,22.0001,1.0,2.05938,1.0
2019-01-29 23:00:00,28,17.0,1.0,-9999.0,1.0,-9999.0,1.0,1.4219,1.0,13.274,1.0,14.6959,1.0,-9999.0,1.0,-9999.0,1.0,-9999.0,1.0,-9999.0,1.0,341.495,1.0,65.7828,1.0,636.383,1.0,-9999.0,1.0,0.0,1.0,21.3589,1.0,1.73745,1.0
2019-01-30 00:00:00,28,18.0,1.0,-9999.0,1.0,-9999.0,1.0,0.6294,1.0,10.619,1.0,11.2484,1.0,-9999.0,1.0,-9999.0,1.0,-9999.0,1.0,-9999.0,1.0,340.179,1.0,68.0736,1.0,636.545,1.0,-9999.0,1.0,0.0,1.0,20.5054,1.0,1.96439,1.0
2019-01-30 01:00:00,28,18.0,1.0,-9999.0,1.0,-9999.0,1.0,0.0866,1.0,7.2165,1.0,7.3031,1.0,-9999.0,1.0,-9999.0,1.0,-9999.0,1.0,-9999.0,1.0,344.646,1.0,68.9722,1.0,636.424,1.0,-9999.0,1.0,0.0,1.0,19.93,1.0,1.67665,1.0
2019-01-30 02:00:00,28,19.0,1.0,-9999.0,1.0,-9999.0,1.0,0.055,2.1,9.3083,1.0,9.3633,1.0,-9999.0,1.0,-9999.0,1.0,-9999.0,1.0,-9999.0,1.0,348.591,1.0,70.013,1.0,636.305,1.0,-9999.0,1.0,0.0,1.0,19.5217,1.0,1.35046,1.0
2019-01-30 03:00:00,28,16.0,1.0,-9999.0,1.0,-9999.0,1.0,0.3623,1.0,10.4221,1.0,10.7844,1.0,-9999.0,1.0,-9999.0,1.0,-9999.0,1.0,-9999.0,1.0,346.206,1.0,69.1217,1.0,635.79,1.0,-9999.0,1.0,0.0,1.0,19.1763,1.0,0.96925,1.0
2019-01-30 04:00:00,28,24.0,1.0,-9999.0,1.0,-9999.0,1.0,0.9245,1.0,12.8516,1.0,13.7761,1.0,-9999.0,1.0,-9999.0,1.0,-9999.0,1.0,-9999.0,1.0,340.171,1.0,69.8026,1.0,635.557,1.0,-9999.0,1.0,0.0,1.0,18.6046,1.0,0.779087,1.0
2019-01-30 05:00:00,28,20.0,1.0,-9999.0,1.0,-9999.0,1.0,4.2572,1.0,17.9674,1.0,22.2246,1.0,-9999.0,1.0,-9999.0,1.0,-9999.0,1.0,-9999.0,1.0,333.968,1.0,69.4935,1.0,635.627,1.0,-9999.0,1.0,0.0,1.0,18.2314,1.0,0.771467,1.0
2019-01-30 06:00:00,28,26.0,1.0,-9999.0,1.0,-9999.0,1.0,20.5723,1.0,20.7445,1.0,41.3169,1.0,-9999.0,1.0,-9999.0,1.0,-9999.0,1.0,-9999.0,1.0,341.221,1.0,69.1144,1.0,635.964,1.0,-9999.0,1.0,0.0,1.0,17.6924,1.0,0.326349,1.0
2019-01-30 07:00:00,28,36.0,1.0,-9999.0,1.0,-9999.0,1.0,43.935,2.2,20.9691,1.0,64.9041,2.2,-9999.0,1.0,-9999.0,1.0,-9999.0,1.0,-9999.0,1.0,330.861,1.0,69.6497,1.0,636.377,1.0,-9999.0,1.0,9.12778,1.0,17.5658,1.0,0.401355,1.0
2019-01-30 08:00:00,28,35.0,1.0,-9999.0,1.0,-9999.0,1.0,55.2101,2.2,27.136,1.0,82.346,2.2,-9999.0,1.0,-9999.0,1.0,-9999.0,1.0,-9999.0,1.0,326.572,1.0,63.7142,1.0,636.729,1.0,-9999.0,1.0,115.611,1.0,19.0235,1.0,1.03572,1.0
2019-01-30 09:00:00,28,34.0,1.0,-9999.0,1.0,-9999.0,1.0,40.9527,2.2,38.2471,2.2,79.1998,2.2,-9999.0,1.0,-9999.0,1.0,-9999.0,1.0,-9999.0,1.0,3.14759,1.0,53.2517,1.0,636.767,1.0,-9999.0,1.0,259.589,1.0,22.1249,1.0,0.26294,1.0
2019-01-30 10:00:00,28,30.0,1.0,-9999.0,1.0,-9999.0,1.0,13.6011,1.0,30.5967,1.0,44.1978,1.0,-9999.0,1.0,-9999.0,1.0,-9999.0,1.0,-9999.0,1.0,343.164,1.0,48.9942,1.0,636.862,1.0,-9999.0,1.0,431.033,1.0,22.8587,1.0,1.28096,1.0
2019-01-30 11:00:00,28,18.0,1.0,-9999.0,1.0,-9999.0,1.0,5.8913,1.0,17.17,1.0,23.0613,1.0,-9999.0,1.0,-9999.0,1.0,-9999.0,1.0,-9999.0,1.0,307.8,1.0,44.63,1.0,633.881,3.1,-9999.0,1.0,587.375,1.0,23.7192,1.0,1.0138,1.0
2019-01-30 12:00:00,28,18.0,1.0,-9999.0,1.0,-9999.0,1.0,2.3188,1.0,13.6409,1.0,15.9597,1.0,-9999.0,1.0,-9999.0,1.0,-9999.0,1.0,-9999.0,1.0,325.134,1.0,41.3726,1.0,635.649,1.0,-9999.0,1.0,564.581,1.0,25.4783,1.0,1.42039,1.0
2019-01-30 13:00:00,28,15.0,1.0,-9999.0,1.0,-9999.0,1.0,1.9408,1.0,13.5446,1.0,15.4854,1.0,-9999.0,1.0,-9999.0,1.0,-9999.0,1.0,-9999.0,1.0,326.635,1.0,38.2818,1.0,634.767,1.0,-9999.0,1.0,637.419,1.0,26.7653,1.0,1.75748,1.0
2019-01-30 14:00:00,28,20.0,1.0,-9999.0,1.0,-9999.0,1.0,1.3176,1.0,13.1237,1.0,14.4414,1.0,-9999.0,1.0,-9999.0,1.0,-9999.0,1.0,-9999.0,1.0,326.446,1.0,36.7071,1.0,633.919,1.0,-9999.0,1.0,463.681,1.0,27.3697,1.0,1.67091,1.0
2019-01-30 15:00:00,28,14.0,1.0,-9999.0,1.0,-9999.0,1.0,1.5072,1.0,10.8106,1.0,12.3178,1.0,-9999.0,1.0,-9999.0,1.0,-9999.0,1.0,-9999.0,1.0,309.857,1.0,35.411,1.0,633.18,1.0,-9999.0,1.0,531.872,1.0,28.2199,1.0,1.67552,1.0
2019-01-30 16:00:00,28,18.0,1.0,-9999.0,1.0,-9999.0,1.0,2.5633,1.0,11.3805,1.0,13.9438,1.0,-9999.0,1.0,-9999.0,1.0,-9999.0,1.0,-9999.0,1.0,318.466,1.0,36.834,1.0,632.556,1.0,-9999.0,1.0,346.083,1.0,27.9613,1.0,3.00553,1.0
2019-01-30 17:00:00,28,13.0,1.0,-9999.0,1.0,-9999.0,1.0,3.9913,1.0,13.9248,1.0,17.916,1.0,-9999.0,1.0,-9999.0,1.0,-9999.0,1.0,-9999.0,1.0,320.455,1.0,40.3465,1.0,632.283,1.0,-9999.0,1.0,156.728,1.0,27.1532,1.0,3.4708,1.0
2019-01-30 18:00:00,28,22.0,1.0,-9999.0,1.0,-9999.0,1.0,5.9805,1.0,18.122,1.0,24.1025,1.0,-9999.0,1.0,-9999.0,1.0,-9999.0,1.0,-9999.0,1.0,308.796,1.0,45.8972,1.0,632.665,1.0,-9999.0,1.0,30.8167,1.0,25.4882,1.0,3.65815,1.0
2019-01-30 19:00:00,28,27.0,1.0,-9999.0,1.0,-9999.0,1.0,10.3601,1.0,20.3561,1.0,30.7162,1.0,-9999.0,1.0,-9999.0,1.0,-9999.0,1.0,-9999.0,1.0,308.366,1.0,55.8621,1.0,633.467,1.0,-9999.0,1.0,0.475,1.0,23.6663,1.0,3.60311,1.0
2019-01-30 20:00:00,28,25.0,1.0,-9999.0,1.0,-9999.0,1.0,6.762,1.0,19.687,1.0,26.449,1.0,-9999.0,1.0,-9999.0,1.0,-9999.0,1.0,-9999.0,1.0,304.147,1.0,59.9065,1.0,634.28,1.0,-9999.0,1.0,0.0,1.0,22.7331,1.0,2.86051,1.0
2019-01-30 21:00:00,28,24.0,1.0,-9999.0,1.0,-9999.0,1.0,3.9149,1.0,17.3887,1.0,21.3036,1.0,-9999.0,1.0,-9999.0,1.0,-9999.0,1.0,-9999.0,1.0,312.473,1.0,65.8019,1.0,634.966,1.0,-9999.0,1.0,0.0,1.0,21.7754,1.0,2.97684,1.0
2019-01-30 22:00:00,28,24.0,1.0,-9999.0,1.0,-9999.0,1.0,1.7552,1.0,13.8918,1.0,15.6469,1.0,-9999.0,1.0,-9999.0,1.0,-9999.0,1.0,-9999.0,1.0,316.037,1.0,66.9547,1.0,635.533,1.0,-9999.0,1.0,0.0,1.0,21.4825,1.0,2.65291,1.0
2019-01-30 23:00:00,28,22.0,1.0,-9999.0,1.0,-9999.0,1.0,1.3027,1.0,12.7554,1.0,14.0581,1.0,-9999.0,1.0,-9999.0,1.0,-9999.0,1.0,-9999.0,1.0,331.251,1.0,70.0368,1.0,635.846,1.0,-9999.0,1.0,0.0,1.0,20.8057,1.0,1.92383,1.0
2019-01-31 00:00:00,28,18.0,1.0,-9999.0,1.0,-9999.0,1.0,0.8578,1.0,11.4367,1.0,12.2945,1.0,-9999.0,1.0,-9999.0,1.0,-9999.0,1.0,-9999.0,1.0,328.857,1.0,72.3161,1.0,636.0,1.0,-9999.0,1.0,0.0,1.0,20.2775,1.0,1.70848,1.0
2019-01-31 01:00:00,28,23.0,1.0,-9999.0,1.0,-9999.0,1.0,0.0814,1.0,9.1935,1.0,9.2749,1.0,-9999.0,1.0,-9999.0,1.0,-9999.0,1.0,-9999.0,1.0,343.198,1.0,73.089,1.0,635.806,1.0,-9999.0,1.0,0.0,1.0,20.0239,1.0,1.31385,1.0
2019-01-31 02:00:00,28,26.0,1.0,-9999.0,1.0,-9999.0,1.0,0.0406,2.1,9.9793,1.0,10.0199,1.0,-9999.0,1.0,-9999.0,1.0,-9999.0,1.0,-9999.0,1.0,14.2027,1.0,73.3803,1.0,635.397,1.0,-9999.0,1.0,0.0,1.0,19.9207,1.0,1.10263,1.0
2019-01-31 03:00:00,28,26.0,1.0,-9999.0,1.0,-9999.0,1.0,-0.0952,3.0,8.9137,2.6,8.8185,2.6,-9999.0,1.0,-9999.0,1.0,-9999.0,1.0,-9999.0,1.0,348.245,1.0,73.479,1.0,635.248,1.0,-9999.0,1.0,0.0,1.0,19.8121,1.0,0.761421,1.0
2019-01-31 04:00:00,28,26.0,1.0,-9999.0,1.0,-9999.0,1.0,0.107,1.0,11.7538,1.0,11.8608,1.0,-9999.0,1.0,-9999.0,1.0,-9999.0,1.0,-9999.0,1.0,0.432719,1.0,73.6451,1.0,634.964,1.0,-9999.0,1.0,0.0,1.0,19.5551,1.0,0.513004,1.0
2019-01-31 05:00:00,28,28.0,1.0,-9999.0,1.0,-9999.0,1.0,1.2921,1.0,14.3457,1.0,15.6379,1.0,-9999.0,1.0,-9999.0,1.0,-9999.0,1.0,-9999.0,1.0,324.149,1.0,73.7562,1.0,635.197,1.0,-9999.0,1.0,0.0,1.0,19.445,1.0,0.863589,1.0
2019-01-31 06:00:00,28,33.0,1.0,-9999.0,1.0,-9999.0,1.0,7.915,1.0,18.8887,1.0,26.8037,1.0,-9999.0,1.0,-9999.0,1.0,-9999.0,1.0,-9999.0,1.0,338.456,1.0,73.5113,1.0,635.399,1.0,-9999.0,1.0,0.0,1.0,19.3235,1.0,0.863576,1.0
2019-01-31 07:00:00,28,33.0,1.0,-9999.0,1.0,-9999.0,1.0,23.1863,2.2,22.9304,1.0,46.1167,1.0,-9999.0,1.0,-9999.0,1.0,-9999.0,1.0,-9999.0,1.0,343.657,1.0,74.444,1.0,635.929,1.0,-9999.0,1.0,3.21389,1.0,19.1364,1.0,1.47164,1.0
2019-01-31 08:00:00,28,33.0,1.0,-9999.0,1.0,-9999.0,1.0,25.3517,2.2,22.8666,1.0,48.2183,1.0,-9999.0,1.0,-9999.0,1.0,-9999.0,1.0,-9999.0,1.0,327.807,1.0,73.3775,1.0,636.421,1.0,-9999.0,1.0,48.8333,1.0,19.4111,1.0,1.713,1.0
2019-01-31 09:00:00,28,34.0,1.0,-9999.0,1.0,-9999.0,1.0,16.2669,1.0,22.4133,1.0,38.6802,1.0,-9999.0,1.0,-9999.0,1.0,-9999.0,1.0,-9999.0,1.0,0.440633,1.0,68.6425,1.0,636.756,1.0,-9999.0,1.0,105.022,1.0,20.3157,1.0,1.02784,1.0
2019-01-31 10:00:00,28,35.0,1.0,-9999.0,1.0,-9999.0,1.0,19.5688,2.2,27.6112,1.0,47.18,1.0,-9999.0,1.0,-9999.0,1.0,-9999.0,1.0,-9999.0,1.0,334.825,1.0,61.9771,1.0,636.75,1.0,-9999.0,1.0,238.933,1.0,21.5679,1.0,1.54461,1.0
2019-01-31 11:00:00,28,25.0,1.0,-9999.0,1.0,-9999.0,1.0,4.6105,1.0,16.9129,1.0,21.5233,1.0,-9999.0,1.0,-9999.0,1.0,-9999.0,1.0,-9999.0,1.0,14.5681,1.0,49.3321,1.0,636.661,1.0,-9999.0,1.0,288.103,1.0,23.9367,1.0,0.537087,1.0
2019-01-31 12:00:00,28,22.0,1.0,-9999.0,1.0,-9999.0,1.0,5.4988,1.0,22.0555,1.0,27.5543,1.0,-9999.0,1.0,-9999.0,1.0,-9999.0,1.0,-9999.0,1.0,338.617,1.0,45.7197,1.0,636.128,1.0,-9999.0,1.0,430.083,1.0,25.1764,1.0,1.08654,1.0
2019-01-31 13:00:00,28,18.0,1.0,-9999.0,1.0,-9999.0,1.0,2.6331,1.0,13.1625,1.0,15.7955,1.0,-9999.0,1.0,-9999.0,1.0,-9999.0,1.0,-9999.0,1.0,333.193,1.0,43.1165,1.0,635.417,1.0,-9999.0,1.0,611.106,1.0,26.1901,1.0,1.8271,1.0
2019-01-31 14:00:00,28,23.0,1.0,-9999.0,1.0,-9999.0,1.0,1.6928,1.0,12.241,1.0,13.9339,1.0,-9999.0,1.0,-9999.0,1.0,-9999.0,1.0,-9999.0,1.0,342.284,1.0,39.8278,1.0,634.771,1.0,-9999.0,1.0,601.711,1.0,27.5307,1.0,1.10977,1.0
2019-01-31 15:00:00,28,19.0,1.0,-9999.0,1.0,-9999.0,1.0,1.3917,1.0,11.9389,1.0,13.3306,1.0,-9999.0,1.0,-9999.0,1.0,-9999.0,1.0,-9999.0,1.0,322.505,1.0,38.6303,1.0,633.95,1.0,-9999.0,1.0,382.653,1.0,27.8849,1.0,1.37979,1.0
2019-01-31 16:00:00,28,15.0,1.0,-9999.0,1.0,-9999.0,1.0,2.5015,1.0,12.3516,1.0,14.8532,1.0,-9999.0,1.0,-9999.0,1.0,-9999.0,1.0,-9999.0,1.0,321.867,1.0,41.0988,1.0,633.672,1.0,-9999.0,1.0,245.858,1.0,27.351,1.0,3.02134,1.0
2019-01-31 17:00:00,28,25.0,1.0,-9999.0,1.0,-9999.0,1.0,4.2827,1.0,16.851,1.0,21.1337,1.0,-9999.0,1.0,-9999.0,1.0,-9999.0,1.0,-9999.0,1.0,320.271,1.0,45.4931,1.0,633.438,1.0,-9999.0,1.0,70.675,1.0,26.2747,1.0,2.58532,1.0
2019-01-31 18:00:00,28,21.0,1.0,-9999.0,1.0,-9999.0,1.0,5.1325,1.0,17.2967,1.0,22.4292,1.0,-9999.0,1.0,-9999.0,1.0,-9999.0,1.0,-9999.0,1.0,312.614,1.0,49.2894,1.0,633.664,1.0,-9999.0,1.0,53.8167,1.0,25.556,1.0,3.42418,1.0
2019-01-31 19:00:00,28,27.0,1.0,-9999.0,1.0,-9999.0,1.0,8.3564,1.0,19.3725,1.0,27.7289,1.0,-9999.0,1.0,-9999.0,1.0,-9999.0,1.0,-9999.0,1.0,309.575,1.0,58.4829,1.0,634.296,1.0,-9999.0,1.0,0.238889,1.0,23.6494,1.0,3.69604,1.0
2019-01-31 20:00:00,28,23.0,1.0,-9999.0,1.0,-9999.0,1.0,4.9516,1.0,17.1946,1.0,22.1461,1.0,-9999.0,1.0,-9999.0,1.0,-9999.0,1.0,-9999.0,1.0,314.392,1.0,63.9867,1.0,635.162,1.0,-9999.0,1.0,0.0,1.0,22.5362,1.0,3.50294,1.0
2019-01-31 21:00:00,28,22.0,1.0,-9999.0,1.0,-9999.0,1.0,2.931,1.0,14.9708,1.0,17.9018,1.0,-9999.0,1.0,-9999.0,1.0,-9999.0,1.0,-9999.0,1.0,319.039,1.0,67.604,1.0,635.893,1.0,-9999.0,1.0,0.0,1.0,21.6333,1.0,3.09413,1.0
2019-01-31 22:00:00,28,23.0,1.0,-9999.0,1.0,-9999.0,1.0,1.8873,1.0,13.7852,1.0,15.6725,1.0,-9999.0,1.0,-9999.0,1.0,-9999.0,1.0,-9999.0,1.0,348.987,1.0,71.3268,1.0,636.538,1.0,-9999.0,1.0,0.0,1.0,20.8567,1.0,2.18792,1.0
2019-01-31 23:00:00,28,14.0,1.0,-9999.0,1.0,-9999.0,1.0,1.6025,1.0,12.4876,1.0,14.0901,1.0,-9999.0,1.0,-9999.0,1.0,-9999.0,1.0,-9999.0,1.0,343.718,1.0,73.2451,1.0,636.747,1.0,-9999.0,1.0,0.0,1.0,20.2433,1.0,2.21288,1.0
